# Radius [au]	Intensity [Jy/sr]	error_Intensity [Jy/sr]
1.563100500000000226e+00 3.752997273600000000e+10 0.000000000000000000e+00
4.689301500000000011e+00 3.695878553600000000e+10 1.972437280000000000e+08
7.815502500000000907e+00 3.585984102400000000e+10 1.419438240000000000e+08
1.094170350000000091e+01 3.475565363200000000e+10 5.518755200000000000e+08
1.406790450000000092e+01 3.299315507200000000e+10 5.133947840000000000e+08
1.719410550000000271e+01 3.103729459200000000e+10 5.314854400000000000e+08
2.032030650000000094e+01 2.960195788800000000e+10 6.929360000000000000e+08
2.344650749999999917e+01 2.752643686400000000e+10 6.355247360000000000e+08
2.657270850000000451e+01 2.560632012800000000e+10 5.906487040000000000e+08
2.969890950000000274e+01 2.440646451200000000e+10 5.987971840000000000e+08
3.282511050000000097e+01 2.271506841600000000e+10 4.816040000000000000e+08
3.595131150000000275e+01 2.109027328000000000e+10 4.269165440000000000e+08
3.907751250000000454e+01 1.988085760000000000e+10 3.913352000000000000e+08
4.220371349999999921e+01 1.872389939200000000e+10 2.979569280000000000e+08
4.532991450000000100e+01 1.742374297600000000e+10 2.486695520000000000e+08
4.845611550000000989e+01 1.662841753600000000e+10 2.405636640000000000e+08
5.158231649999999746e+01 1.564982476800000000e+10 1.645594240000000000e+08
5.470851750000000635e+01 1.480012800000000000e+10 1.333477920000000000e+08
5.783471850000000813e+01 1.408092467200000000e+10 1.152780080000000000e+08
6.096091950000000281e+01 1.335061913600000000e+10 7.548224000000000000e+07
6.408712049999999749e+01 1.259817984000000000e+10 6.948544000000000000e+07
6.721332150000000638e+01 1.189666201600000000e+10 7.516871200000000000e+07
7.033952250000000106e+01 1.113624780800000000e+10 6.647752800000000000e+07
7.346572350000000995e+01 1.040787353600000000e+10 7.273297600000000000e+07
7.659192450000000463e+01 9.703064576000000000e+09 6.987609600000000000e+07
7.971812549999999931e+01 8.974752768000000000e+09 6.328968800000000000e+07
8.284432650000000820e+01 8.278366208000000000e+09 6.744740000000000000e+07
8.597052750000000287e+01 7.648947712000000000e+09 6.636270400000000000e+07
8.909672849999999755e+01 7.009797120000000000e+09 6.353845200000000000e+07
9.222292950000000644e+01 6.425246720000000000e+09 6.211736000000000000e+07
9.534913050000000112e+01 5.934504960000000000e+09 6.216928000000000000e+07
9.847533149999999580e+01 5.405688832000000000e+09 5.688057600000000000e+07
1.016015325000000189e+02 4.928377856000000000e+09 5.598148000000000000e+07
1.047277335000000136e+02 4.547916800000000000e+09 5.912362800000000000e+07
1.078539345000000083e+02 4.210105856000000000e+09 5.288742000000000000e+07
1.109801355000000171e+02 3.866686976000000000e+09 5.173798800000000000e+07
1.141063365000000118e+02 3.631841536000000000e+09 5.200326800000000000e+07
1.172325375000000065e+02 3.417794304000000000e+09 4.698737600000000000e+07
1.203587385000000154e+02 3.251785984000000000e+09 4.430460800000000000e+07
1.234849395000000101e+02 3.113650176000000000e+09 4.150049200000000000e+07
1.266111405000000047e+02 3.044739072000000000e+09 3.883914800000000000e+07
1.297373415000000136e+02 2.977901568000000000e+09 3.624564800000000000e+07
1.328635424999999941e+02 2.938419712000000000e+09 3.433201200000000000e+07
1.359897435000000030e+02 2.958397440000000000e+09 3.143467800000000000e+07
1.391159445000000119e+02 2.964357376000000000e+09 2.902976800000000000e+07
1.422421455000000208e+02 2.985080832000000000e+09 2.590255400000000000e+07
1.453683465000000012e+02 3.004379392000000000e+09 2.461573000000000000e+07
1.484945475000000101e+02 3.020483072000000000e+09 2.217537400000000000e+07
1.516207485000000190e+02 3.024471552000000000e+09 2.111234200000000000e+07
1.547469494999999995e+02 2.997059584000000000e+09 2.080734200000000000e+07
1.578731505000000084e+02 2.963810816000000000e+09 2.187190200000000000e+07
1.609993515000000173e+02 2.908457984000000000e+09 2.119265800000000000e+07
1.641255525000000262e+02 2.821221632000000000e+09 2.151321000000000000e+07
1.672517535000000066e+02 2.725359360000000000e+09 2.222992000000000000e+07
1.703779544999999871e+02 2.620094976000000000e+09 2.089177200000000000e+07
1.735041555000000244e+02 2.485434624000000000e+09 2.020444400000000000e+07
1.766303565000000049e+02 2.346543104000000000e+09 2.004700200000000000e+07
1.797565574999999853e+02 2.210195200000000000e+09 1.817724600000000000e+07
1.828827585000000511e+02 2.061204224000000000e+09 1.838775800000000000e+07
1.860089595000000031e+02 1.915271936000000000e+09 1.765828200000000000e+07
1.891351604999999836e+02 1.768973440000000000e+09 1.651659500000000000e+07
1.922613615000000493e+02 1.625594112000000000e+09 1.538031900000000000e+07
1.953875625000000014e+02 1.483550336000000000e+09 1.437198800000000000e+07
1.985137634999999818e+02 1.349966464000000000e+09 1.373073000000000000e+07
2.016399645000000476e+02 1.223138304000000000e+09 1.302968300000000000e+07
2.047661655000000280e+02 1.101602688000000000e+09 1.188559300000000000e+07
2.078923664999999801e+02 9.952262400000000000e+08 1.161622100000000000e+07
2.110185675000000458e+02 8.869933440000000000e+08 1.077982600000000000e+07
2.141447685000000263e+02 7.910534400000000000e+08 1.063402000000000000e+07
2.172709694999999783e+02 7.053815040000000000e+08 1.010830600000000000e+07
2.203971705000000441e+02 6.246006400000000000e+08 9.623562000000000000e+06
2.235233715000000245e+02 5.487351040000000000e+08 9.082307000000000000e+06
2.266495725000000050e+02 4.881430400000000000e+08 9.213055000000000000e+06
2.297757735000000423e+02 4.278199040000000000e+08 8.275864500000000000e+06
2.329019745000000228e+02 3.753250240000000000e+08 8.345430000000000000e+06
2.360281755000000032e+02 3.310488000000000000e+08 8.167983000000000000e+06
2.391543765000000406e+02 2.938010560000000000e+08 7.813522500000000000e+06
2.422805775000000210e+02 2.561270240000000000e+08 7.780167000000000000e+06
2.454067785000000015e+02 2.271442400000000000e+08 8.163098500000000000e+06
2.485329795000000388e+02 2.029196320000000000e+08 8.069746000000000000e+06
2.516591805000000193e+02 1.805803520000000000e+08 8.397223000000000000e+06
2.547853814999999997e+02 1.625944480000000000e+08 8.544562000000000000e+06
2.579115825000000655e+02 1.477170720000000000e+08 8.541725000000000000e+06
2.610377834999999891e+02 1.314620560000000000e+08 8.692572000000000000e+06
2.641639844999999696e+02 1.169842640000000000e+08 9.033756000000000000e+06
2.672901855000000637e+02 1.096576480000000000e+08 8.630868000000000000e+06
2.704163865000000442e+02 9.902899200000000000e+07 8.733065000000000000e+06
2.735425874999999678e+02 8.718088000000000000e+07 8.469763000000000000e+06
2.766687885000000620e+02 8.130332000000000000e+07 8.119694500000000000e+06
2.797949895000000424e+02 7.409221600000000000e+07 7.858865000000000000e+06
2.829211904999999661e+02 6.557502000000000000e+07 7.384310000000000000e+06
2.860473915000000602e+02 6.593388000000000000e+07 7.416827000000000000e+06
2.891735925000000407e+02 6.301668000000000000e+07 7.216687500000000000e+06
2.922997934999999643e+02 5.392364000000000000e+07 6.673434500000000000e+06
2.954259945000000585e+02 5.438602800000000000e+07 6.666909500000000000e+06
2.985521955000000389e+02 5.223342000000000000e+07 6.490210500000000000e+06
3.016783965000000194e+02 4.284871200000000000e+07 6.131243500000000000e+06
3.048045975000000567e+02 4.416503200000000000e+07 6.172514000000000000e+06
3.079307985000000372e+02 3.956788800000000000e+07 6.141320500000000000e+06
3.110569995000000176e+02 3.171662800000000000e+07 6.022967500000000000e+06
3.141832005000000549e+02 3.397922400000000000e+07 6.246234000000000000e+06
3.173094015000000354e+02 3.050513400000000000e+07 6.357782000000000000e+06
3.204356025000000727e+02 2.542898800000000000e+07 6.265989000000000000e+06
3.235618035000000532e+02 2.861408000000000000e+07 6.439960000000000000e+06
3.266880045000000337e+02 2.656689400000000000e+07 6.393809500000000000e+06
3.298142055000000141e+02 2.219724800000000000e+07 6.286719000000000000e+06
3.329404065000000514e+02 2.607170000000000000e+07 6.039995000000000000e+06
3.360666075000000319e+02 2.214382000000000000e+07 6.030323500000000000e+06
3.391928085000000692e+02 1.861509400000000000e+07 5.961070000000000000e+06
3.423190095000000497e+02 1.951632800000000000e+07 5.881366500000000000e+06
3.454452105000000302e+02 1.658788800000000000e+07 5.902851500000000000e+06
3.485714115000000106e+02 1.405817500000000000e+07 6.049032500000000000e+06
3.516976125000000479e+02 1.389633200000000000e+07 5.800444000000000000e+06
3.548238135000000284e+02 1.275174200000000000e+07 5.669527000000000000e+06
3.579500145000000657e+02 1.354887700000000000e+07 5.641947000000000000e+06
3.610762155000000462e+02 1.151500200000000000e+07 5.393329500000000000e+06
3.642024165000000266e+02 1.203900200000000000e+07 5.340799500000000000e+06
3.673286175000000071e+02 1.456465600000000000e+07 5.283103500000000000e+06
3.704548185000000444e+02 1.045386500000000000e+07 5.432091500000000000e+06
3.735810195000000249e+02 1.053221400000000000e+07 5.292018000000000000e+06
3.767072205000000622e+02 1.429049200000000000e+07 5.140729500000000000e+06
3.798334215000000427e+02 1.174247300000000000e+07 5.229812000000000000e+06
3.829596225000000231e+02 1.115297500000000000e+07 4.884080000000000000e+06
3.860858235000000036e+02 1.421345300000000000e+07 4.642438500000000000e+06
3.892120245000000409e+02 1.192981300000000000e+07 4.803959000000000000e+06
3.923382255000000214e+02 1.270080000000000000e+07 4.818891000000000000e+06
3.954644265000000587e+02 1.591605100000000000e+07 4.999749000000000000e+06
3.985906275000000392e+02 1.457358700000000000e+07 5.255747000000000000e+06
4.017168285000000196e+02 1.537211100000000000e+07 5.544505000000000000e+06
4.048430295000000001e+02 1.884650200000000000e+07 5.520211000000000000e+06
4.079692305000000374e+02 1.924584000000000000e+07 5.648934000000000000e+06
4.110954315000000179e+02 1.934025600000000000e+07 5.598171500000000000e+06
4.142216325000000552e+02 2.459657800000000000e+07 5.527194000000000000e+06
4.173478335000000357e+02 2.161055400000000000e+07 5.430347000000000000e+06
4.204740345000000161e+02 2.397339200000000000e+07 5.461901500000000000e+06
4.236002354999999966e+02 2.553542800000000000e+07 5.426324000000000000e+06
4.267264365000000339e+02 2.409888000000000000e+07 5.429910000000000000e+06
4.298526375000000144e+02 2.525065600000000000e+07 5.358069500000000000e+06
4.329788385000000517e+02 2.623588800000000000e+07 5.343938500000000000e+06
4.361050395000000321e+02 2.599338600000000000e+07 5.355229500000000000e+06
4.392312405000000126e+02 2.510651200000000000e+07 5.332164000000000000e+06
4.423574414999999931e+02 2.574528600000000000e+07 5.426129000000000000e+06
4.454836425000000304e+02 2.648365400000000000e+07 5.467333500000000000e+06
4.486098435000000109e+02 2.399021200000000000e+07 5.690888500000000000e+06
4.517360445000000482e+02 2.326544200000000000e+07 5.798876000000000000e+06
4.548622455000000286e+02 2.156624200000000000e+07 5.841110000000000000e+06
4.579884465000000091e+02 1.974952200000000000e+07 6.008460000000000000e+06
4.611146474999999896e+02 1.590556900000000000e+07 6.061728500000000000e+06
4.642408485000000269e+02 1.716006800000000000e+07 5.958303000000000000e+06
4.673670495000000074e+02 1.359873900000000000e+07 5.840253000000000000e+06
4.704932505000000447e+02 1.229017800000000000e+07 5.709550000000000000e+06
4.736194515000000251e+02 1.241144100000000000e+07 5.439177500000000000e+06
4.767456525000000056e+02 1.174387200000000000e+07 5.265876000000000000e+06
4.798718534999999861e+02 1.162184400000000000e+07 5.115226500000000000e+06
4.829980545000000234e+02 1.023775000000000000e+07 5.035737500000000000e+06
4.861242555000000038e+02 9.596779000000000000e+06 4.836954500000000000e+06
4.892504565000000412e+02 9.167372000000000000e+06 4.798820500000000000e+06
4.923766575000000216e+02 8.724176000000000000e+06 4.783725500000000000e+06
4.955028585000000021e+02 8.830025000000000000e+06 4.720102000000000000e+06
4.986290594999999826e+02 8.738246000000000000e+06 4.668487000000000000e+06
5.017552605000000199e+02 9.529392000000000000e+06 4.833093500000000000e+06
5.048814615000000003e+02 1.195127900000000000e+07 4.840682500000000000e+06
5.080076625000000945e+02 1.236985500000000000e+07 4.753393000000000000e+06
5.111338635000000181e+02 1.633166300000000000e+07 5.077795500000000000e+06
5.142600644999999986e+02 1.731992600000000000e+07 5.155656000000000000e+06
5.173862655000000359e+02 1.909048200000000000e+07 5.344273500000000000e+06
5.205124665000000732e+02 2.204405000000000000e+07 5.527733500000000000e+06
5.236386674999999968e+02 2.378921400000000000e+07 5.510730500000000000e+06
5.267648685000000341e+02 2.396655800000000000e+07 5.553348500000000000e+06
5.298910695000000715e+02 2.683554000000000000e+07 5.492377500000000000e+06
5.330172704999999951e+02 2.541319000000000000e+07 5.339613500000000000e+06
5.361434715000000324e+02 2.761296000000000000e+07 5.301603000000000000e+06
5.392696725000000697e+02 2.716976200000000000e+07 5.086982500000000000e+06
5.423958734999999933e+02 2.643445400000000000e+07 4.883039000000000000e+06
5.455220745000000306e+02 2.651328600000000000e+07 4.789435500000000000e+06
5.486482755000000680e+02 2.509407800000000000e+07 4.671381000000000000e+06
5.517744764999999916e+02 2.499032600000000000e+07 4.520222000000000000e+06
5.549006775000000289e+02 2.476624800000000000e+07 4.419533000000000000e+06
5.580268785000000662e+02 2.187811000000000000e+07 4.517121000000000000e+06
5.611530794999999898e+02 2.255068600000000000e+07 4.537529000000000000e+06
5.642792805000000271e+02 2.201560600000000000e+07 4.662001000000000000e+06
5.674054815000000644e+02 1.810147600000000000e+07 4.703331000000000000e+06
5.705316824999999881e+02 2.030249800000000000e+07 4.785218000000000000e+06
5.736578835000000254e+02 1.776624000000000000e+07 4.905779500000000000e+06
5.767840845000000627e+02 1.587449600000000000e+07 4.939072500000000000e+06
5.799102854999999863e+02 1.960659800000000000e+07 4.990200000000000000e+06
5.830364865000000236e+02 1.885331200000000000e+07 5.032534000000000000e+06
5.861626875000000609e+02 1.922921800000000000e+07 4.956032000000000000e+06
5.892888884999999846e+02 2.151272200000000000e+07 4.945458000000000000e+06
5.924150895000000219e+02 2.175472000000000000e+07 4.950054000000000000e+06
5.955412905000000592e+02 2.096950400000000000e+07 4.980735000000000000e+06
5.986674914999999828e+02 2.184458200000000000e+07 4.975308000000000000e+06
6.017936925000000201e+02 2.273933400000000000e+07 4.961379500000000000e+06
6.049198935000000574e+02 2.145100000000000000e+07 5.039647000000000000e+06
6.080460944999999811e+02 2.277961400000000000e+07 4.950934500000000000e+06
6.111722955000000184e+02 2.232394400000000000e+07 4.906509000000000000e+06
6.142984965000000557e+02 2.175167000000000000e+07 4.926268000000000000e+06
6.174246975000000930e+02 2.294922200000000000e+07 4.919536000000000000e+06
6.205508985000000166e+02 2.159905600000000000e+07 4.809605500000000000e+06
6.236770995000000539e+02 2.338407600000000000e+07 4.729682000000000000e+06
6.268033004999999775e+02 2.261581600000000000e+07 4.726696000000000000e+06
6.299295015000000149e+02 2.349046200000000000e+07 4.555360500000000000e+06
6.330557025000000522e+02 2.358578200000000000e+07 4.537587500000000000e+06
6.361819035000000895e+02 2.456370800000000000e+07 4.499939500000000000e+06
6.393081045000000131e+02 2.404077200000000000e+07 4.432517000000000000e+06
6.424343055000000504e+02 2.528564800000000000e+07 4.568262500000000000e+06
6.455605064999999740e+02 2.556216600000000000e+07 4.664303500000000000e+06
6.486867075000001250e+02 2.722067200000000000e+07 4.783253000000000000e+06
6.518129084999999350e+02 2.633751200000000000e+07 4.966284500000000000e+06
6.549391095000000860e+02 2.806211200000000000e+07 4.989256500000000000e+06
6.580653104999998959e+02 2.814047200000000000e+07 5.021680000000000000e+06
6.611915115000000469e+02 2.644337600000000000e+07 4.977930500000000000e+06
6.643177125000001979e+02 2.795461000000000000e+07 4.954926500000000000e+06
6.674439135000000078e+02 2.575512000000000000e+07 4.794940000000000000e+06
6.705701145000001588e+02 2.720092800000000000e+07 4.853401000000000000e+06
6.736963154999999688e+02 2.652889400000000000e+07 4.678618000000000000e+06
6.768225165000001198e+02 2.627637800000000000e+07 4.600238500000000000e+06
6.799487175000000434e+02 2.625300800000000000e+07 4.657972000000000000e+06
6.830749184999999670e+02 2.862255600000000000e+07 4.605635000000000000e+06
6.862011195000001180e+02 2.713145600000000000e+07 4.507450000000000000e+06
6.893273204999999280e+02 2.712381200000000000e+07 4.725258500000000000e+06
6.924535215000000790e+02 2.620995000000000000e+07 4.594968500000000000e+06
6.955797224999998889e+02 2.453835000000000000e+07 4.647975000000000000e+06
6.987059235000000399e+02 2.222008000000000000e+07 4.697035000000000000e+06
7.018321245000001909e+02 2.224621600000000000e+07 4.655239000000000000e+06
7.049583255000000008e+02 1.871213000000000000e+07 4.585910500000000000e+06
7.080845265000001518e+02 1.702738200000000000e+07 4.573116000000000000e+06
7.112107274999999618e+02 1.700582200000000000e+07 4.380970000000000000e+06
7.143369285000001128e+02 1.492969500000000000e+07 4.357242000000000000e+06
7.174631295000000364e+02 1.385624400000000000e+07 4.305194000000000000e+06
7.205893305000000737e+02 1.339286300000000000e+07 4.169439750000000000e+06
7.237155315000001110e+02 1.254716600000000000e+07 4.245821000000000000e+06
7.268417324999999209e+02 1.282759300000000000e+07 4.334861000000000000e+06
7.299679335000000719e+02 1.341324800000000000e+07 4.288174500000000000e+06
7.330941344999998819e+02 1.327737600000000000e+07 4.278393500000000000e+06
7.362203355000000329e+02 1.483420600000000000e+07 4.320172000000000000e+06
7.393465365000001839e+02 1.639135200000000000e+07 4.218476000000000000e+06
7.424727374999999938e+02 1.646213700000000000e+07 4.087143750000000000e+06
7.455989385000001448e+02 1.691580200000000000e+07 4.125630500000000000e+06
7.487251394999999548e+02 1.970305600000000000e+07 4.101510250000000000e+06
7.518513405000001057e+02 1.882100400000000000e+07 4.110703000000000000e+06
7.549775415000000294e+02 1.926758000000000000e+07 4.122799750000000000e+06
7.581037425000000667e+02 2.060532000000000000e+07 4.128640000000000000e+06
7.612299435000001040e+02 2.254167400000000000e+07 4.176140000000000000e+06
7.643561445000000276e+02 2.009701400000000000e+07 4.139001750000000000e+06
7.674823455000000649e+02 2.400757000000000000e+07 4.287962500000000000e+06
7.706085464999998749e+02 2.653467200000000000e+07 4.345501000000000000e+06
7.737347475000000259e+02 2.419311200000000000e+07 4.343849000000000000e+06
7.768609485000001769e+02 2.644702800000000000e+07 4.551114000000000000e+06
7.799871494999999868e+02 2.899912800000000000e+07 4.778157000000000000e+06
7.831133505000001378e+02 2.654121200000000000e+07 4.776699000000000000e+06
7.862395514999999477e+02 2.796254000000000000e+07 4.899017000000000000e+06
7.893657525000000987e+02 2.913012400000000000e+07 4.961482500000000000e+06
7.924919535000000224e+02 2.533917200000000000e+07 4.866443500000000000e+06
7.956181545000000597e+02 2.597636800000000000e+07 4.910986500000000000e+06
7.987443555000000970e+02 2.624749200000000000e+07 4.834772500000000000e+06
8.018705565000000206e+02 2.577696600000000000e+07 4.660787500000000000e+06
8.049967575000000579e+02 2.683039800000000000e+07 4.662142500000000000e+06
8.081229585000000952e+02 2.831430000000000000e+07 4.553910500000000000e+06
8.112491595000000189e+02 2.571774400000000000e+07 4.290005000000000000e+06
8.143753605000001698e+02 2.823768600000000000e+07 4.373799500000000000e+06
8.175015614999999798e+02 2.839922000000000000e+07 4.269516500000000000e+06
8.206277625000001308e+02 2.594115000000000000e+07 4.052870250000000000e+06
8.237539634999999407e+02 2.694166200000000000e+07 4.072860500000000000e+06
8.268801645000000917e+02 2.600240800000000000e+07 4.047032000000000000e+06
8.300063655000002427e+02 2.203694600000000000e+07 3.865323000000000000e+06
8.331325665000000527e+02 2.308633800000000000e+07 3.860211250000000000e+06
8.362587675000000900e+02 2.199865600000000000e+07 3.882750750000000000e+06
8.393849685000000136e+02 1.855200600000000000e+07 3.863376500000000000e+06
8.425111695000000509e+02 1.792706400000000000e+07 3.906275250000000000e+06
8.456373705000000882e+02 1.894666600000000000e+07 4.006207250000000000e+06
8.487635715000000118e+02 1.628320600000000000e+07 3.989711500000000000e+06
8.518897725000001628e+02 1.441349400000000000e+07 3.998141000000000000e+06
8.550159734999999728e+02 1.579357700000000000e+07 4.112501250000000000e+06
8.581421745000001238e+02 1.238108200000000000e+07 4.025543750000000000e+06
8.612683754999999337e+02 1.018141500000000000e+07 3.883662000000000000e+06
8.643945765000000847e+02 1.073090300000000000e+07 4.017392500000000000e+06
8.675207775000002357e+02 7.158822500000000000e+06 3.952209250000000000e+06
8.706469785000000456e+02 4.255107500000000000e+06 3.838581250000000000e+06
8.737731795000001966e+02 4.823319000000000000e+06 4.057252000000000000e+06
8.768993805000000066e+02 1.146965375000000000e+06 3.985673250000000000e+06
8.800255815000000439e+02 -1.023758125000000000e+06 3.953053500000000000e+06
8.831517825000000812e+02 8.134071250000000000e+05 4.115929000000000000e+06
8.862779835000000048e+02 -1.531683125000000000e+06 3.972893250000000000e+06
8.894041845000001558e+02 -1.458299375000000000e+06 3.985950250000000000e+06
8.925303854999999658e+02 -4.695397812500000000e+05 4.255867000000000000e+06
8.956565865000001168e+02 -1.060329000000000000e+06 3.971368750000000000e+06
8.987827874999999267e+02 1.167316484375000000e+05 4.086152750000000000e+06
9.019089885000000777e+02 2.364147500000000000e+06 4.191767750000000000e+06
9.050351895000002287e+02 9.519425625000000000e+05 3.941867000000000000e+06
9.081613905000000386e+02 2.425008500000000000e+06 4.072038250000000000e+06
9.112875915000001896e+02 3.700629000000000000e+06 4.106433750000000000e+06
9.144137924999999996e+02 3.070428250000000000e+06 3.988410250000000000e+06
9.175399935000001506e+02 3.649704750000000000e+06 3.988955500000000000e+06
9.206661945000000742e+02 6.653745500000000000e+06 4.028618000000000000e+06
9.237923954999999978e+02 5.412580500000000000e+06 4.015515250000000000e+06
9.269185965000001488e+02 6.374730500000000000e+06 3.991483750000000000e+06
9.300447974999999587e+02 9.555565000000000000e+06 4.090333250000000000e+06
9.331709985000001097e+02 9.520058000000000000e+06 4.064960250000000000e+06
9.362971994999999197e+02 1.039493800000000000e+07 4.087680750000000000e+06
9.394234005000000707e+02 1.285556100000000000e+07 4.120763000000000000e+06
9.425496015000002217e+02 1.316223400000000000e+07 4.121637000000000000e+06
9.456758025000000316e+02 1.355395900000000000e+07 4.129000250000000000e+06
9.488020035000001826e+02 1.610165800000000000e+07 4.136086750000000000e+06
9.519282044999999925e+02 1.583910100000000000e+07 4.220176000000000000e+06
9.550544055000001435e+02 1.520584300000000000e+07 4.219024000000000000e+06
9.581806065000000672e+02 1.662652800000000000e+07 4.271290500000000000e+06
9.613068075000001045e+02 1.535496600000000000e+07 4.283922000000000000e+06
9.644330085000001418e+02 1.536852700000000000e+07 4.259605000000000000e+06
9.675592094999999517e+02 1.598466500000000000e+07 4.181078250000000000e+06
9.706854105000001027e+02 1.394325700000000000e+07 4.188302250000000000e+06
9.738116114999999127e+02 1.346207900000000000e+07 4.132505000000000000e+06
9.769378125000000637e+02 1.275850300000000000e+07 4.165277750000000000e+06
9.800640135000002147e+02 1.008352900000000000e+07 4.127900750000000000e+06
9.831902145000000246e+02 8.945382000000000000e+06 4.093899250000000000e+06
9.863164155000001756e+02 7.286007000000000000e+06 4.070960750000000000e+06
9.894426164999999855e+02 7.097013000000000000e+06 4.041546500000000000e+06
9.925688175000001365e+02 3.917344750000000000e+06 4.037570750000000000e+06
9.956950185000000602e+02 4.301764000000000000e+06 4.022226750000000000e+06
9.988212195000000975e+02 2.728268000000000000e+06 4.066251750000000000e+06
1.001947420500000135e+03 1.878483125000000000e+06 4.046823500000000000e+06
1.005073621500000058e+03 1.811067000000000000e+06 4.141486250000000000e+06
1.008199822500000096e+03 -6.451874375000000000e+05 4.202764000000000000e+06
1.011326023499999906e+03 -8.437145000000000000e+05 4.189612750000000000e+06
1.014452224500000057e+03 -1.308417750000000000e+06 4.278859000000000000e+06
1.017578425500000208e+03 -1.948979375000000000e+06 4.265443500000000000e+06
1.020704626500000018e+03 -1.972949375000000000e+06 4.169381000000000000e+06
1.023830827500000169e+03 -2.231342000000000000e+06 4.180404250000000000e+06
1.026957028499999979e+03 -1.508148875000000000e+06 4.068299750000000000e+06
1.030083229500000016e+03 -1.871358750000000000e+05 3.970540250000000000e+06
1.033209430500000053e+03 -1.580749375000000000e+05 3.868677250000000000e+06
1.036335631500000090e+03 6.054710000000000000e+05 3.874686750000000000e+06
1.039461832500000128e+03 3.335837500000000000e+04 3.799455500000000000e+06
1.042588033499999938e+03 5.792163750000000000e+05 3.758011000000000000e+06
1.045714234500000202e+03 -1.124507375000000000e+06 3.802099750000000000e+06
1.048840435500000012e+03 -9.836741250000000000e+05 3.788981250000000000e+06
1.051966636500000050e+03 -2.883795500000000000e+06 3.866111750000000000e+06
1.055092837500000087e+03 -3.372609750000000000e+06 3.910264000000000000e+06
1.058219038500000124e+03 -5.714511000000000000e+06 3.971261250000000000e+06
1.061345239500000162e+03 -5.407077000000000000e+06 4.016518000000000000e+06
1.064471440499999972e+03 -6.263696500000000000e+06 4.065339000000000000e+06
1.067597641500000009e+03 -7.584211000000000000e+06 4.089941000000000000e+06
1.070723842500000046e+03 -6.222522000000000000e+06 4.145201500000000000e+06
1.073850043500000083e+03 -5.846269000000000000e+06 4.149594750000000000e+06
1.076976244500000121e+03 -6.423198500000000000e+06 4.134890500000000000e+06
1.080102445499999931e+03 -5.007373500000000000e+06 4.147488000000000000e+06
1.083228646500000195e+03 -1.329507125000000000e+06 4.169708250000000000e+06
1.086354847500000005e+03 -3.329523500000000000e+06 3.994138250000000000e+06
1.089481048500000043e+03 -1.337282750000000000e+06 3.884786750000000000e+06
1.092607249500000307e+03 -1.063810750000000000e+06 3.809839000000000000e+06
1.095733450500000117e+03 -1.992744687500000000e+05 3.650720750000000000e+06
1.098859651500000155e+03 -1.190474625000000000e+06 3.644615750000000000e+06
1.101985852499999964e+03 -5.442538750000000000e+05 3.560192250000000000e+06
1.105112053500000002e+03 -1.415887375000000000e+06 3.503421000000000000e+06
1.108238254500000039e+03 -4.827794375000000000e+05 3.438026250000000000e+06
1.111364455500000076e+03 -2.805003750000000000e+06 3.431986750000000000e+06
1.114490656500000114e+03 -1.777752500000000000e+06 3.383024000000000000e+06
1.117616857499999924e+03 -2.331437750000000000e+06 3.330611750000000000e+06
1.120743058500000188e+03 -2.741054000000000000e+06 3.343113250000000000e+06
1.123869259499999998e+03 -3.621782250000000000e+06 3.259513750000000000e+06
1.126995460500000036e+03 -9.769205000000000000e+05 3.371720250000000000e+06
1.130121661500000300e+03 -2.057500375000000000e+06 3.336506500000000000e+06
1.133247862500000110e+03 -3.663165000000000000e+06 3.249132500000000000e+06
1.136374063500000148e+03 -8.273608750000000000e+05 3.360491000000000000e+06
1.139500264499999957e+03 -2.339920250000000000e+06 3.396626500000000000e+06
1.142626465499999995e+03 -3.900544000000000000e+06 3.289571750000000000e+06
1.145752666500000032e+03 -4.133670750000000000e+06 3.470693250000000000e+06
1.148878867500000069e+03 -3.491035250000000000e+06 3.389209750000000000e+06
1.152005068500000107e+03 -5.685550000000000000e+06 3.472525250000000000e+06
1.155131269499999917e+03 -4.262169500000000000e+06 3.417543500000000000e+06
1.158257470500000181e+03 -3.773504500000000000e+06 3.485170250000000000e+06
1.161383671499999991e+03 -2.422855500000000000e+06 3.449936500000000000e+06
1.164509872500000029e+03 -2.562616000000000000e+06 3.420745250000000000e+06
1.167636073500000293e+03 7.558051250000000000e+05 3.390686500000000000e+06
1.170762274500000103e+03 1.927847375000000000e+06 3.411990250000000000e+06
1.173888475500000141e+03 2.455932000000000000e+06 3.321863000000000000e+06
1.177014676499999950e+03 4.552129000000000000e+06 3.310025000000000000e+06
1.180140877499999988e+03 6.030375000000000000e+06 3.294735000000000000e+06
1.183267078500000025e+03 6.411672000000000000e+06 3.206367500000000000e+06
1.186393279500000062e+03 7.328364500000000000e+06 3.264238750000000000e+06
1.189519480500000100e+03 8.414618000000000000e+06 3.229405250000000000e+06
1.192645681499999910e+03 8.294925500000000000e+06 3.223080750000000000e+06
1.195771882500000174e+03 9.329053000000000000e+06 3.229252000000000000e+06
1.198898083499999984e+03 1.065305600000000000e+07 3.202055750000000000e+06
1.202024284500000022e+03 1.150645500000000000e+07 3.206683250000000000e+06
1.205150485500000286e+03 1.142673200000000000e+07 3.163780250000000000e+06
1.208276686500000096e+03 1.285125700000000000e+07 3.177507000000000000e+06
1.211402887500000134e+03 1.269200400000000000e+07 3.175902250000000000e+06
1.214529088499999943e+03 1.183445800000000000e+07 3.111507000000000000e+06
1.217655289500000208e+03 1.273462900000000000e+07 3.115808000000000000e+06
1.220781490500000245e+03 1.225194700000000000e+07 3.077591750000000000e+06
1.223907691500000055e+03 1.079312900000000000e+07 3.160884250000000000e+06
1.227033892500000093e+03 9.102249000000000000e+06 3.174105000000000000e+06
1.230160093499999903e+03 9.776344000000000000e+06 3.238590500000000000e+06
1.233286294500000167e+03 6.552080000000000000e+06 3.315043250000000000e+06
1.236412495500000205e+03 5.679497500000000000e+06 3.329024750000000000e+06
1.239538696500000015e+03 5.023739500000000000e+06 3.448483250000000000e+06
1.242664897500000279e+03 3.356466000000000000e+06 3.496892750000000000e+06
1.245791098500000089e+03 1.174105000000000000e+06 3.474344750000000000e+06
1.248917299500000126e+03 1.499797250000000000e+06 3.520288000000000000e+06
1.252043500499999936e+03 5.748330625000000000e+05 3.500515750000000000e+06
1.255169701500000201e+03 -5.461608125000000000e+05 3.480286750000000000e+06
1.258295902500000238e+03 1.204565000000000000e+06 3.550204000000000000e+06
1.261422103500000048e+03 1.172324453125000000e+05 3.426023500000000000e+06
1.264548304500000086e+03 1.950774843750000000e+05 3.514109000000000000e+06
1.267674505499999896e+03 2.763585312500000000e+05 3.499138000000000000e+06
1.270800706500000160e+03 1.029971375000000000e+06 3.442677000000000000e+06
1.273926907500000198e+03 2.950458750000000000e+05 3.482717000000000000e+06
1.277053108500000008e+03 1.059440312500000000e+05 3.514471000000000000e+06
1.280179309500000272e+03 -1.472721750000000000e+06 3.385923000000000000e+06
1.283305510500000082e+03 -8.972940000000000000e+05 3.423585000000000000e+06
1.286431711500000119e+03 -1.656483250000000000e+06 3.394856500000000000e+06
1.289557912499999929e+03 -8.660173750000000000e+05 3.344091250000000000e+06
1.292684113500000194e+03 -8.876945000000000000e+05 3.385329250000000000e+06
1.295810314500000231e+03 -1.162807500000000000e+06 3.397173250000000000e+06
1.298936515500000041e+03 -7.532363125000000000e+05 3.372249500000000000e+06
1.302062716500000079e+03 3.351794062500000000e+05 3.431361000000000000e+06
1.305188917500000116e+03 6.656728125000000000e+05 3.452808500000000000e+06
1.308315118500000153e+03 9.361568750000000000e+05 3.438967500000000000e+06
1.311441319500000191e+03 8.061561875000000000e+05 3.464694500000000000e+06
1.314567520500000001e+03 8.573618750000000000e+05 3.418595250000000000e+06
1.317693721499999810e+03 7.675012500000000000e+05 3.383185250000000000e+06
1.320819922500000075e+03 -8.065908750000000000e+05 3.346728000000000000e+06
1.323946123500000112e+03 -3.564939375000000000e+05 3.322848000000000000e+06
1.327072324500000377e+03 -1.526583250000000000e+06 3.221867500000000000e+06
1.330198525500000187e+03 -1.476236000000000000e+06 3.255383750000000000e+06
1.333324726499999997e+03 -1.571795750000000000e+06 3.203909000000000000e+06
1.336450927500000034e+03 -8.316269375000000000e+05 3.199736250000000000e+06
1.339577128500000072e+03 -1.293190625000000000e+06 3.220341000000000000e+06
1.342703329500000336e+03 -1.345648625000000000e+06 3.292449250000000000e+06
1.345829530500000146e+03 -4.043726875000000000e+05 3.247537250000000000e+06
1.348955731499999956e+03 -3.250464375000000000e+05 3.281678250000000000e+06
1.352081932499999994e+03 -1.051662375000000000e+06 3.384466250000000000e+06
1.355208133500000258e+03 4.682485000000000000e+05 3.359269750000000000e+06
1.358334334500000068e+03 -3.164704062500000000e+05 3.358818750000000000e+06
1.361460535500000105e+03 -1.244467500000000000e+05 3.403752250000000000e+06
1.364586736499999915e+03 2.331814500000000000e+06 3.341585000000000000e+06
1.367712937500000180e+03 1.437610125000000000e+06 3.382351500000000000e+06
1.370839138500000217e+03 2.446194750000000000e+06 3.361035500000000000e+06
1.373965339500000027e+03 4.263203000000000000e+06 3.237728500000000000e+06
1.377091540500000065e+03 5.184840000000000000e+06 3.287340750000000000e+06
1.380217741500000102e+03 4.027644250000000000e+06 3.340977500000000000e+06
1.383343942500000139e+03 5.466091000000000000e+06 3.278289000000000000e+06
1.386470143500000177e+03 4.800317000000000000e+06 3.333539750000000000e+06
1.389596344499999987e+03 5.707647000000000000e+06 3.383969250000000000e+06
1.392722545500000024e+03 5.033394500000000000e+06 3.298759750000000000e+06
1.395848746500000061e+03 5.923581000000000000e+06 3.315475500000000000e+06
1.398974947500000098e+03 6.019731500000000000e+06 3.393807750000000000e+06
1.402101148500000363e+03 5.617599000000000000e+06 3.241877000000000000e+06
1.405227349500000173e+03 5.133147000000000000e+06 3.212701250000000000e+06
1.408353550499999983e+03 5.181941000000000000e+06 3.265346000000000000e+06
1.411479751500000020e+03 3.975544000000000000e+06 3.180107500000000000e+06
1.414605952500000285e+03 2.936809750000000000e+06 3.134972500000000000e+06
1.417732153500000322e+03 3.188223500000000000e+06 3.159582750000000000e+06
1.420858354500000132e+03 1.730532875000000000e+06 3.112820250000000000e+06
1.423984555499999942e+03 1.301847625000000000e+06 3.142688250000000000e+06
1.427110756499999979e+03 1.564932125000000000e+06 3.091799000000000000e+06
1.430236957500000244e+03 2.635830937500000000e+05 3.050970000000000000e+06
1.433363158500000054e+03 8.397450625000000000e+05 2.995024500000000000e+06
1.436489359500000091e+03 7.234298125000000000e+05 2.953147000000000000e+06
1.439615560499999901e+03 3.696072500000000000e+05 2.911519500000000000e+06
1.442741761500000166e+03 -2.779146562500000000e+05 2.908883000000000000e+06
1.445867962500000203e+03 3.174828750000000000e+05 2.848266250000000000e+06
1.448994163500000013e+03 1.865564843750000000e+05 2.839617250000000000e+06
1.452120364500000278e+03 6.365566250000000000e+05 2.885014000000000000e+06
1.455246565500000088e+03 3.795018125000000000e+05 2.830077000000000000e+06
1.458372766500000125e+03 2.810849500000000000e+06 2.893771500000000000e+06
1.461498967500000163e+03 2.562373250000000000e+06 2.926473500000000000e+06
1.464625168499999972e+03 2.768317000000000000e+06 2.902273750000000000e+06
1.467751369500000010e+03 4.402314500000000000e+06 2.928565750000000000e+06
1.470877570500000047e+03 4.703436000000000000e+06 3.041924250000000000e+06
1.474003771500000084e+03 2.964920500000000000e+06 3.013061500000000000e+06
1.477129972500000349e+03 4.056136000000000000e+06 3.019964500000000000e+06
1.480256173500000159e+03 4.567021000000000000e+06 3.096033250000000000e+06
1.483382374499999969e+03 4.459369000000000000e+06 3.081647750000000000e+06
1.486508575500000006e+03 5.080833500000000000e+06 3.061881500000000000e+06
1.489634776500000271e+03 5.634813500000000000e+06 3.050837250000000000e+06
1.492760977500000308e+03 5.500513000000000000e+06 3.104831750000000000e+06
1.495887178500000118e+03 6.562343000000000000e+06 3.028129250000000000e+06
1.499013379499999928e+03 7.159233000000000000e+06 3.074407000000000000e+06
1.502139580500000193e+03 6.553594500000000000e+06 3.062410000000000000e+06
1.505265781500000230e+03 7.317161000000000000e+06 3.044173250000000000e+06
1.508391982500000040e+03 7.451290000000000000e+06 3.062262500000000000e+06
1.511518183500000077e+03 7.613390000000000000e+06 3.078799250000000000e+06
1.514644384499999887e+03 8.726648000000000000e+06 3.071126750000000000e+06
1.517770585500000152e+03 8.919685000000000000e+06 3.114281500000000000e+06
1.520896786500000189e+03 9.159141000000000000e+06 3.141534500000000000e+06
1.524022987499999999e+03 1.107982800000000000e+07 3.198639750000000000e+06
1.527149188500000264e+03 1.174532300000000000e+07 3.258715750000000000e+06
1.530275389500000074e+03 1.276591100000000000e+07 3.260798500000000000e+06
1.533401590500000111e+03 1.211070300000000000e+07 3.275002750000000000e+06
1.536527791500000149e+03 1.263208300000000000e+07 3.276052250000000000e+06
1.539653992500000186e+03 1.233257300000000000e+07 3.222068000000000000e+06
1.542780193499999996e+03 1.050319100000000000e+07 3.173072000000000000e+06
1.545906394500000033e+03 1.010715900000000000e+07 3.123910250000000000e+06
1.549032595500000070e+03 9.533767000000000000e+06 3.042827250000000000e+06
1.552158796500000335e+03 7.680933000000000000e+06 3.030383000000000000e+06
1.555284997500000145e+03 7.187290000000000000e+06 2.975008000000000000e+06
1.558411198499999955e+03 7.250628000000000000e+06 2.942752500000000000e+06
1.561537399499999992e+03 6.699044500000000000e+06 2.921837250000000000e+06
1.564663600500000257e+03 6.481991000000000000e+06 2.948252500000000000e+06
1.567789801500000294e+03 7.500917000000000000e+06 2.912739000000000000e+06
1.570916002500000104e+03 7.786244500000000000e+06 2.939984250000000000e+06
1.574042203499999914e+03 7.354778000000000000e+06 2.983032750000000000e+06
1.577168404500000179e+03 7.933655000000000000e+06 2.971630750000000000e+06
1.580294605500000216e+03 7.729111500000000000e+06 3.002458250000000000e+06
1.583420806500000026e+03 6.129008500000000000e+06 3.081183250000000000e+06
1.586547007500000063e+03 7.655465000000000000e+06 3.088715750000000000e+06
1.589673208500000101e+03 6.757532000000000000e+06 3.122181250000000000e+06
1.592799409500000138e+03 5.024882500000000000e+06 3.199548000000000000e+06
1.595925610500000175e+03 5.252175500000000000e+06 3.226107750000000000e+06
1.599051811499999985e+03 5.354808500000000000e+06 3.223850750000000000e+06
1.602178012500000250e+03 3.152044000000000000e+06 3.218427500000000000e+06
1.605304213500000060e+03 4.071166250000000000e+06 3.202604000000000000e+06
1.608430414500000097e+03 3.278933250000000000e+06 3.106046000000000000e+06
1.611556615500000362e+03 1.246047750000000000e+06 3.074687000000000000e+06
1.614682816500000172e+03 1.505176750000000000e+06 3.055797250000000000e+06
1.617809017500000209e+03 6.353376250000000000e+05 2.978215250000000000e+06
1.620935218500000019e+03 -1.509817875000000000e+06 2.957956000000000000e+06
1.624061419500000056e+03 -2.245391000000000000e+06 2.999778750000000000e+06
1.627187620500000321e+03 -1.563085750000000000e+06 2.967882750000000000e+06
1.630313821500000131e+03 -3.486395750000000000e+06 3.022741000000000000e+06
1.633440022499999941e+03 -3.374279500000000000e+06 3.052330750000000000e+06
1.636566223499999978e+03 -1.719647500000000000e+06 3.070700250000000000e+06
1.639692424500000243e+03 -4.412580500000000000e+06 3.096906000000000000e+06
1.642818625500000280e+03 -4.465213000000000000e+06 3.139123250000000000e+06
1.645944826500000090e+03 -3.690004750000000000e+06 3.136297500000000000e+06
1.649071027499999900e+03 -4.997489000000000000e+06 3.158059000000000000e+06
1.652197228500000165e+03 -4.010160000000000000e+06 3.171365000000000000e+06
1.655323429500000202e+03 -2.210272750000000000e+06 3.105910000000000000e+06
1.658449630500000239e+03 -2.579860750000000000e+06 3.110209500000000000e+06
1.661575831500000049e+03 -1.755747500000000000e+06 3.124944500000000000e+06
1.664702032500000087e+03 2.375042750000000000e+06 3.003948500000000000e+06
1.667828233500000124e+03 1.040333062500000000e+06 3.045241750000000000e+06
1.670954434500000161e+03 2.437776000000000000e+06 3.056601500000000000e+06
1.674080635499999971e+03 4.490280000000000000e+06 2.925790750000000000e+06
1.677206836500000236e+03 2.990696500000000000e+06 2.974358000000000000e+06
1.680333037500000046e+03 2.484635000000000000e+06 2.984271000000000000e+06
1.683459238500000083e+03 4.435527000000000000e+06 2.872634500000000000e+06
1.686585439500000348e+03 1.974388750000000000e+06 2.900496000000000000e+06
1.689711640500000158e+03 1.890519625000000000e+06 2.892088500000000000e+06
1.692837841500000195e+03 3.618255500000000000e+06 2.793180250000000000e+06
1.695964042500000005e+03 2.268508250000000000e+06 2.817680000000000000e+06
1.699090243500000042e+03 3.298224000000000000e+06 2.774354250000000000e+06
1.702216444500000307e+03 3.681435000000000000e+06 2.756744250000000000e+06
1.705342645500000117e+03 3.626322000000000000e+06 2.783869250000000000e+06
1.708468846499999927e+03 4.020013750000000000e+06 2.772154000000000000e+06
1.711595047499999964e+03 5.050772500000000000e+06 2.780645000000000000e+06
1.714721248500000229e+03 4.973202000000000000e+06 2.792874000000000000e+06
1.717847449500000266e+03 4.582356000000000000e+06 2.822763000000000000e+06
1.720973650500000076e+03 5.395377000000000000e+06 2.815621500000000000e+06
1.724099851499999886e+03 5.556959000000000000e+06 2.826226000000000000e+06
1.727226052500000151e+03 6.222491500000000000e+06 2.862326750000000000e+06
1.730352253500000188e+03 6.421806500000000000e+06 2.902654500000000000e+06
1.733478454500000225e+03 6.638354500000000000e+06 2.928542250000000000e+06
1.736604655500000263e+03 6.027758500000000000e+06 2.942274750000000000e+06
1.739730856500000073e+03 7.415414500000000000e+06 2.969294000000000000e+06
1.742857057500000110e+03 5.648629500000000000e+06 2.926959250000000000e+06
1.745983258500000147e+03 7.295943500000000000e+06 2.894872250000000000e+06
1.749109459499999957e+03 4.994784500000000000e+06 2.870183000000000000e+06
1.752235660500000222e+03 4.683408000000000000e+06 2.823573750000000000e+06
1.755361861500000032e+03 4.003608500000000000e+06 2.747183000000000000e+06
1.758488062500000069e+03 2.502519000000000000e+06 2.763537250000000000e+06
1.761614263500000334e+03 2.516713250000000000e+06 2.757341250000000000e+06
1.764740464500000144e+03 1.316643375000000000e+06 2.774779750000000000e+06
1.767866665500000181e+03 3.157654062500000000e+05 2.814324250000000000e+06
1.770992866499999991e+03 8.358998125000000000e+05 2.878463000000000000e+06
1.774119067500000256e+03 -6.506176875000000000e+05 2.884571000000000000e+06
1.777245268500000293e+03 -8.134683125000000000e+05 2.943449000000000000e+06
1.780371469500000103e+03 -7.876309375000000000e+05 2.993777500000000000e+06
1.783497670499999913e+03 -1.585229625000000000e+06 2.948328500000000000e+06
1.786623871499999950e+03 -8.211336875000000000e+05 3.001280250000000000e+06
1.789750072500000215e+03 -2.197048750000000000e+06 2.976716250000000000e+06
1.792876273500000252e+03 -2.314584000000000000e+06 2.940014500000000000e+06
1.796002474500000062e+03 -2.196622500000000000e+06 2.965195500000000000e+06
1.799128675499999872e+03 -4.289042500000000000e+06 2.931618000000000000e+06
1.802254876500000137e+03 -3.452451000000000000e+06 2.912826000000000000e+06
1.805381077500000174e+03 -2.600738250000000000e+06 2.896256750000000000e+06
1.808507278500000211e+03 -4.311192000000000000e+06 2.897341250000000000e+06
1.811633479500000249e+03 -3.891395500000000000e+06 2.866047000000000000e+06
1.814759680500000059e+03 -2.502522500000000000e+06 2.852179000000000000e+06
1.817885881500000096e+03 -3.144156250000000000e+06 2.876771250000000000e+06
1.821012082500000133e+03 -2.854964500000000000e+06 2.874116250000000000e+06
1.824138283500000171e+03 -2.211308500000000000e+06 2.874359000000000000e+06
1.827264484500000208e+03 -2.764283250000000000e+06 2.896066000000000000e+06
1.830390685500000018e+03 -3.141180250000000000e+06 2.940950500000000000e+06
1.833516886500000055e+03 -1.613595500000000000e+06 2.920284500000000000e+06
1.836643087500000320e+03 -3.068712500000000000e+06 2.960673750000000000e+06
1.839769288500000130e+03 -3.975242250000000000e+06 3.029959500000000000e+06
1.842895489500000167e+03 -3.413048500000000000e+06 3.014336500000000000e+06
1.846021690499999977e+03 -5.104499000000000000e+06 3.020636250000000000e+06
1.849147891500000242e+03 -5.745467500000000000e+06 3.009966500000000000e+06
1.852274092500000279e+03 -5.260184000000000000e+06 3.032798500000000000e+06
1.855400293500000089e+03 -6.412343500000000000e+06 3.003943250000000000e+06
1.858526494499999899e+03 -6.214057000000000000e+06 3.045343500000000000e+06
1.861652695500000164e+03 -6.214269000000000000e+06 3.009238250000000000e+06
1.864778896500000201e+03 -6.283633500000000000e+06 2.996383500000000000e+06
1.867905097500000238e+03 -5.379028000000000000e+06 3.043460500000000000e+06
1.871031298500000048e+03 -5.540862500000000000e+06 3.030796250000000000e+06
1.874157499499999858e+03 -5.620997500000000000e+06 3.018273250000000000e+06
1.877283700500000123e+03 -6.322344000000000000e+06 3.082944500000000000e+06
1.880409901500000160e+03 -5.486723000000000000e+06 3.054808250000000000e+06
1.883536102500000425e+03 -6.006600000000000000e+06 3.043724500000000000e+06
1.886662303500000235e+03 -6.517976000000000000e+06 3.022738000000000000e+06
1.889788504500000045e+03 -5.867226500000000000e+06 2.999933500000000000e+06
1.892914705500000082e+03 -6.463900000000000000e+06 2.949619750000000000e+06
1.896040906500000119e+03 -6.158264000000000000e+06 2.898258250000000000e+06
1.899167107500000157e+03 -6.602881500000000000e+06 2.877250500000000000e+06
1.902293308500000194e+03 -5.696323000000000000e+06 2.870330000000000000e+06
1.905419509500000004e+03 -6.042433000000000000e+06 2.846184250000000000e+06
1.908545710500000041e+03 -5.680417500000000000e+06 2.852357000000000000e+06
1.911671911500000306e+03 -5.979354500000000000e+06 2.913592250000000000e+06
1.914798112500000116e+03 -5.303844000000000000e+06 2.876718750000000000e+06
1.917924313500000153e+03 -5.482392500000000000e+06 2.901180750000000000e+06
1.921050514499999963e+03 -4.570340000000000000e+06 2.949651500000000000e+06
1.924176715500000228e+03 -5.522532500000000000e+06 2.928206250000000000e+06
1.927302916500000265e+03 -5.231947000000000000e+06 2.921163000000000000e+06
1.930429117500000075e+03 -5.237916500000000000e+06 2.957461000000000000e+06
1.933555318499999885e+03 -4.919920000000000000e+06 2.925441000000000000e+06
1.936681519500000149e+03 -5.282534000000000000e+06 2.912217500000000000e+06
1.939807720500000187e+03 -4.128477000000000000e+06 2.949906250000000000e+06
1.942933921500000224e+03 -4.575087500000000000e+06 2.913940500000000000e+06
1.946060122500000034e+03 -3.776430000000000000e+06 2.925584250000000000e+06
1.949186323500000071e+03 -3.036721250000000000e+06 2.915560500000000000e+06
1.952312524500000109e+03 -3.904219500000000000e+06 2.909232500000000000e+06
1.955438725500000146e+03 -2.761724250000000000e+06 2.874229250000000000e+06
1.958564926500000411e+03 -3.118648500000000000e+06 2.900682500000000000e+06
1.961691127500000221e+03 -4.098664750000000000e+06 2.876255750000000000e+06
1.964817328500000031e+03 -3.750475500000000000e+06 2.819502000000000000e+06
1.967943529500000068e+03 -3.761398250000000000e+06 2.853414000000000000e+06
1.971069730500000333e+03 -5.624548500000000000e+06 2.815496750000000000e+06
1.974195931500000142e+03 -6.020939000000000000e+06 2.743148000000000000e+06
1.977322132500000180e+03 -6.056186000000000000e+06 2.722161500000000000e+06
1.980448333499999990e+03 -7.654894000000000000e+06 2.666286000000000000e+06
1.983574534500000027e+03 -6.426124500000000000e+06 2.615875500000000000e+06
1.986700735500000292e+03 -7.543326500000000000e+06 2.618091000000000000e+06
1.989826936500000102e+03 -8.438649000000000000e+06 2.607295500000000000e+06
1.992953137500000139e+03 -8.213207000000000000e+06 2.600265250000000000e+06
1.996079338499999949e+03 -7.036566500000000000e+06 2.574243000000000000e+06
1.999205539500000214e+03 -7.775335500000000000e+06 2.621388750000000000e+06
2.002331740500000251e+03 -7.204439500000000000e+06 2.657387250000000000e+06
2.005457941500000061e+03 -5.743496500000000000e+06 2.640165250000000000e+06
2.008584142500000326e+03 -5.817606500000000000e+06 2.709753250000000000e+06
2.011710343500000135e+03 -4.961875500000000000e+06 2.699726250000000000e+06
2.014836544500000173e+03 -4.089079250000000000e+06 2.679643750000000000e+06
2.017962745500000210e+03 -4.332317500000000000e+06 2.691570750000000000e+06
2.021088946500000247e+03 -3.116216000000000000e+06 2.642160250000000000e+06
2.024215147500000057e+03 -4.338852000000000000e+06 2.627492500000000000e+06
2.027341348500000095e+03 -3.778032500000000000e+06 2.634433750000000000e+06
2.030467549500000132e+03 -3.353311250000000000e+06 2.564928500000000000e+06
2.033593750500000397e+03 -2.932179500000000000e+06 2.568858500000000000e+06
2.036719951500000207e+03 -3.804837750000000000e+06 2.536854750000000000e+06
2.039846152500000017e+03 -1.942998750000000000e+06 2.516737750000000000e+06
2.042972353500000054e+03 -2.034962875000000000e+06 2.522197000000000000e+06
2.046098554500000319e+03 -1.911363500000000000e+06 2.528060250000000000e+06
2.049224755500000356e+03 -1.041168812500000000e+06 2.530305250000000000e+06
2.052350956500000393e+03 -2.130616406250000000e+05 2.524874000000000000e+06
2.055477157499999976e+03 -1.355866625000000000e+06 2.543317750000000000e+06
2.058603358500000013e+03 -4.515596562500000000e+05 2.557741750000000000e+06
2.061729559500000050e+03 -7.660888750000000000e+05 2.558163750000000000e+06
2.064855760500000088e+03 -1.210862250000000000e+06 2.571354750000000000e+06
2.067981961500000125e+03 -1.111439375000000000e+06 2.527906750000000000e+06
2.071108162500000162e+03 -1.267902000000000000e+06 2.519229000000000000e+06
2.074234363500000200e+03 -1.459889250000000000e+06 2.556571250000000000e+06
2.077360564500000237e+03 -1.906723000000000000e+06 2.517674000000000000e+06
2.080486765500000274e+03 -5.581476250000000000e+05 2.523407500000000000e+06
2.083612966500000311e+03 3.858918750000000000e+05 2.488603000000000000e+06
2.086739167499999894e+03 8.786925625000000000e+05 2.459512750000000000e+06
2.089865368500000386e+03 3.013462000000000000e+06 2.457934250000000000e+06
2.092991569500000423e+03 3.796569750000000000e+06 2.410884000000000000e+06
2.096117770500000006e+03 4.428133500000000000e+06 2.375787250000000000e+06
2.099243971500000043e+03 6.428702000000000000e+06 2.373763500000000000e+06
2.102370172500000081e+03 6.509988000000000000e+06 2.355292500000000000e+06
2.105496373500000118e+03 7.586167000000000000e+06 2.326581250000000000e+06
2.108622574500000155e+03 8.561063000000000000e+06 2.311212000000000000e+06
2.111748775500000193e+03 9.543924000000000000e+06 2.287130750000000000e+06
2.114874976499999775e+03 9.949444000000000000e+06 2.298491000000000000e+06
2.118001177500000267e+03 1.144675700000000000e+07 2.311650750000000000e+06
2.121127378500000304e+03 1.177963300000000000e+07 2.272272250000000000e+06
2.124253579500000342e+03 1.079981000000000000e+07 2.329436250000000000e+06
2.127379780500000379e+03 1.118915700000000000e+07 2.334591750000000000e+06
2.130505981499999962e+03 1.044278100000000000e+07 2.329489750000000000e+06
2.133632182499999999e+03 9.203201000000000000e+06 2.397833750000000000e+06
2.136758383500000036e+03 8.650768000000000000e+06 2.443494000000000000e+06
2.139884584500000074e+03 7.579097000000000000e+06 2.454233750000000000e+06
2.143010785500000111e+03 5.788318000000000000e+06 2.468022500000000000e+06
2.146136986500000148e+03 5.465537500000000000e+06 2.524188500000000000e+06
2.149263187500000186e+03 4.335738500000000000e+06 2.524350750000000000e+06
2.152389388500000223e+03 2.515851250000000000e+06 2.529250500000000000e+06
2.155515589500000260e+03 2.609272000000000000e+06 2.525678500000000000e+06
2.158641790500000297e+03 1.565614750000000000e+06 2.496616250000000000e+06
2.161767991499999880e+03 1.258811500000000000e+06 2.430686250000000000e+06
2.164894192500000372e+03 1.523818000000000000e+06 2.425692000000000000e+06
2.168020393500000409e+03 3.108801562500000000e+05 2.383912500000000000e+06
2.171146594499999992e+03 -4.424056640625000000e+03 2.363187000000000000e+06
2.174272795500000029e+03 5.071578750000000000e+05 2.304623500000000000e+06
2.177398996500000067e+03 1.437724218750000000e+05 2.282794500000000000e+06
2.180525197500000104e+03 -3.904666875000000000e+05 2.271520500000000000e+06
2.183651398500000141e+03 -4.451471484375000000e+04 2.243021000000000000e+06
2.186777599500000179e+03 -1.329839375000000000e+06 2.210615000000000000e+06
2.189903800500000216e+03 -1.046776250000000000e+06 2.192688750000000000e+06
2.193030001500000253e+03 -6.776873750000000000e+05 2.155005500000000000e+06
2.196156202500000290e+03 -2.146656500000000000e+06 2.173161500000000000e+06
2.199282403500000328e+03 -2.322218750000000000e+06 2.156173750000000000e+06
2.202408604500000365e+03 -1.599062375000000000e+06 2.176317000000000000e+06
2.205534805499999948e+03 -2.765123000000000000e+06 2.212341250000000000e+06
2.208661006499999985e+03 -2.372697750000000000e+06 2.164990500000000000e+06
2.211787207500000477e+03 -2.436356500000000000e+06 2.183715500000000000e+06
2.214913408500000060e+03 -2.560846250000000000e+06 2.182465750000000000e+06
2.218039609500000097e+03 -2.926846500000000000e+06 2.136812000000000000e+06
2.221165810500000134e+03 -2.238587750000000000e+06 2.082576750000000000e+06
2.224292011500000172e+03 -1.756048250000000000e+06 2.126924750000000000e+06
2.227418212500000209e+03 -1.679573750000000000e+06 2.080155750000000000e+06
2.230544413500000246e+03 -8.011781875000000000e+05 2.067543625000000000e+06
2.233670614500000283e+03 2.933674687500000000e+05 2.070742875000000000e+06
2.236796815499999866e+03 6.403340000000000000e+05 2.062522625000000000e+06
2.239923016500000358e+03 1.526892125000000000e+06 2.053975750000000000e+06
2.243049217500000395e+03 2.140491750000000000e+06 2.028080125000000000e+06
2.246175418499999978e+03 2.933292250000000000e+06 2.083286375000000000e+06
2.249301619500000015e+03 3.415445250000000000e+06 2.070412125000000000e+06
2.252427820500000053e+03 3.238301250000000000e+06 2.038561875000000000e+06
2.255554021500000090e+03 4.039858000000000000e+06 2.055055250000000000e+06
2.258680222500000127e+03 4.223166000000000000e+06 2.036522750000000000e+06
2.261806423500000164e+03 3.438961500000000000e+06 2.041315375000000000e+06
2.264932624500000202e+03 3.778792000000000000e+06 2.010128875000000000e+06
2.268058825500000239e+03 4.315516000000000000e+06 1.989019000000000000e+06
2.271185026500000276e+03 2.825315250000000000e+06 2.017782500000000000e+06
2.274311227500000314e+03 3.948340750000000000e+06 1.997703625000000000e+06
2.277437428500000351e+03 3.693722250000000000e+06 1.978486250000000000e+06
2.280563629499999934e+03 2.557324500000000000e+06 2.024196750000000000e+06
2.283689830499999971e+03 3.635349750000000000e+06 2.016352500000000000e+06
2.286816031500000463e+03 2.932284000000000000e+06 2.049146875000000000e+06
2.289942232500000046e+03 2.383200500000000000e+06 2.071586125000000000e+06
2.293068433500000083e+03 3.493195500000000000e+06 2.068211125000000000e+06
2.296194634500000120e+03 2.512670000000000000e+06 2.061649875000000000e+06
2.299320835500000157e+03 2.224405750000000000e+06 2.037133500000000000e+06
2.302447036500000195e+03 2.261384250000000000e+06 2.040460000000000000e+06
2.305573237500000232e+03 2.361154750000000000e+06 1.969679125000000000e+06
2.308699438500000269e+03 1.145931125000000000e+06 1.974533125000000000e+06
2.311825639499999852e+03 6.894571875000000000e+05 1.916461500000000000e+06
2.314951840500000344e+03 -2.973498125000000000e+05 1.937545500000000000e+06
2.318078041500000381e+03 8.622391406250000000e+04 1.877372750000000000e+06
2.321204242499999964e+03 -2.006110000000000000e+06 1.912774125000000000e+06
2.324330443500000001e+03 -2.045919875000000000e+06 1.897992625000000000e+06
2.327456644500000039e+03 -3.042748250000000000e+06 1.925562625000000000e+06
2.330582845500000076e+03 -3.769386750000000000e+06 1.916803625000000000e+06
2.333709046500000113e+03 -4.312670500000000000e+06 1.958823250000000000e+06
2.336835247500000150e+03 -4.325999000000000000e+06 1.915799875000000000e+06
2.339961448500000188e+03 -5.893039000000000000e+06 1.951988000000000000e+06
2.343087649500000225e+03 -5.651929000000000000e+06 1.964530125000000000e+06
2.346213850500000262e+03 -5.545707500000000000e+06 1.956223875000000000e+06
2.349340051500000300e+03 -6.912546500000000000e+06 1.996513125000000000e+06
2.352466252500000337e+03 -6.643879500000000000e+06 2.031142500000000000e+06
2.355592453499999920e+03 -6.405845000000000000e+06 2.023393875000000000e+06
2.358718654499999957e+03 -7.687879500000000000e+06 2.082583750000000000e+06
2.361844855500000449e+03 -8.054271500000000000e+06 2.085141875000000000e+06
2.364971056500000032e+03 -7.975492500000000000e+06 2.066004875000000000e+06
2.368097257500000069e+03 -8.691519000000000000e+06 2.102390750000000000e+06
2.371223458500000106e+03 -9.590198000000000000e+06 2.057169000000000000e+06
2.374349659500000143e+03 -8.340499500000000000e+06 2.054393375000000000e+06
2.377475860500000181e+03 -9.202926000000000000e+06 1.965917375000000000e+06
2.380602061500000218e+03 -8.488884000000000000e+06 1.989718375000000000e+06
2.383728262500000255e+03 -8.718152000000000000e+06 1.920878125000000000e+06
2.386854463500000293e+03 -7.387497500000000000e+06 1.904166000000000000e+06
2.389980664500000330e+03 -7.671836000000000000e+06 1.848549500000000000e+06
2.393106865500000367e+03 -6.675007000000000000e+06 1.825452375000000000e+06
2.396233066499999950e+03 -7.270889000000000000e+06 1.779959750000000000e+06
2.399359267499999987e+03 -6.916239000000000000e+06 1.795514750000000000e+06
2.402485468500000025e+03 -7.323716500000000000e+06 1.749473750000000000e+06
2.405611669500000062e+03 -7.101073000000000000e+06 1.747579625000000000e+06
2.408737870500000554e+03 -7.177266500000000000e+06 1.729561250000000000e+06
2.411864071500000136e+03 -7.117430500000000000e+06 1.701199000000000000e+06
2.414990272500000174e+03 -7.031451500000000000e+06 1.677808250000000000e+06
2.418116473500000211e+03 -6.897081000000000000e+06 1.665387750000000000e+06
2.421242674500000248e+03 -5.878359000000000000e+06 1.641282500000000000e+06
2.424368875500000286e+03 -5.724726500000000000e+06 1.574863000000000000e+06
2.427495076500000323e+03 -4.613196000000000000e+06 1.591754750000000000e+06
2.430621277499999906e+03 -4.223854500000000000e+06 1.533544000000000000e+06
2.433747478499999943e+03 -3.269043000000000000e+06 1.550329125000000000e+06
2.436873679500000435e+03 -2.863995750000000000e+06 1.539313750000000000e+06
2.439999880500000472e+03 -1.499709500000000000e+06 1.522618625000000000e+06
2.443126081500000055e+03 -1.847393750000000000e+06 1.554463125000000000e+06
2.446252282500000092e+03 -3.703411250000000000e+05 1.545914250000000000e+06
2.449378483500000129e+03 -3.523573750000000000e+05 1.548780000000000000e+06
2.452504684500000167e+03 1.758731562500000000e+05 1.583695750000000000e+06
2.455630885500000204e+03 7.720776250000000000e+05 1.564100750000000000e+06
2.458757086500000241e+03 1.019332875000000000e+06 1.619419500000000000e+06
2.461883287500000279e+03 1.332886000000000000e+06 1.642595500000000000e+06
2.465009488500000316e+03 2.028459625000000000e+06 1.629527500000000000e+06
2.468135689500000353e+03 1.613902250000000000e+06 1.674267000000000000e+06
2.471261890499999936e+03 2.141923750000000000e+06 1.704460500000000000e+06
2.474388091500000428e+03 2.787530750000000000e+06 1.712207500000000000e+06
2.477514292500000010e+03 2.356528750000000000e+06 1.712903875000000000e+06
2.480640493500000048e+03 2.761957000000000000e+06 1.769435625000000000e+06
2.483766694500000540e+03 3.019306000000000000e+06 1.750524125000000000e+06
2.486892895500000122e+03 2.840198250000000000e+06 1.736498375000000000e+06
2.490019096500000160e+03 2.882518250000000000e+06 1.772312625000000000e+06
2.493145297500000197e+03 2.860697000000000000e+06 1.758193625000000000e+06
2.496271498500000234e+03 3.130912000000000000e+06 1.715059000000000000e+06
2.499397699500000272e+03 3.126463750000000000e+06 1.768589125000000000e+06
2.502523900500000309e+03 3.049061000000000000e+06 1.766544750000000000e+06
2.505650101499999892e+03 3.253591750000000000e+06 1.768849500000000000e+06
2.508776302499999929e+03 3.473584000000000000e+06 1.857677250000000000e+06
2.511902503500000421e+03 3.595017000000000000e+06 1.829563250000000000e+06
2.515028704500000458e+03 3.604211000000000000e+06 1.846459500000000000e+06
2.518154905500000041e+03 4.402646500000000000e+06 1.872483250000000000e+06
2.521281106500000078e+03 4.183221000000000000e+06 1.839905750000000000e+06
2.524407307500000115e+03 4.152406000000000000e+06 1.857379375000000000e+06
2.527533508500000153e+03 5.694542500000000000e+06 1.859652875000000000e+06
2.530659709500000190e+03 4.854626000000000000e+06 1.817470000000000000e+06
2.533785910500000227e+03 5.213515500000000000e+06 1.849175750000000000e+06
2.536912111500000265e+03 6.729468500000000000e+06 1.877284125000000000e+06
2.540038312500000302e+03 6.568530000000000000e+06 1.829030750000000000e+06
2.543164513500000339e+03 6.000173000000000000e+06 1.888200000000000000e+06
2.546290714499999922e+03 7.746264000000000000e+06 1.887706750000000000e+06
2.549416915500000414e+03 7.887569500000000000e+06 1.860603375000000000e+06
2.552543116499999996e+03 7.135365500000000000e+06 1.872707250000000000e+06
2.555669317500000034e+03 8.884587000000000000e+06 1.888879125000000000e+06
2.558795518500000526e+03 8.424797000000000000e+06 1.859514500000000000e+06
2.561921719500000108e+03 7.961083500000000000e+06 1.858029000000000000e+06
2.565047920500000146e+03 9.104742000000000000e+06 1.860432000000000000e+06
2.568174121500000183e+03 8.783843000000000000e+06 1.859477625000000000e+06
2.571300322500000220e+03 8.040324500000000000e+06 1.830975125000000000e+06
2.574426523500000258e+03 8.903321000000000000e+06 1.809255125000000000e+06
2.577552724500000295e+03 8.720297000000000000e+06 1.834263000000000000e+06
2.580678925499999878e+03 7.324628500000000000e+06 1.807035500000000000e+06
2.583805126500000370e+03 8.279818500000000000e+06 1.815442750000000000e+06
2.586931327500000407e+03 7.517101000000000000e+06 1.790524375000000000e+06
2.590057528500000444e+03 5.676972000000000000e+06 1.777345000000000000e+06
2.593183729500000027e+03 6.820632500000000000e+06 1.769343250000000000e+06
2.596309930500000064e+03 5.570460500000000000e+06 1.752001125000000000e+06
2.599436131500000101e+03 4.080530000000000000e+06 1.751006500000000000e+06
2.602562332500000139e+03 5.826781000000000000e+06 1.728102750000000000e+06
2.605688533500000631e+03 4.718342500000000000e+06 1.738382125000000000e+06
2.608814734500000668e+03 3.391533750000000000e+06 1.706684875000000000e+06
2.611940935500000251e+03 5.683814000000000000e+06 1.698421125000000000e+06
2.615067136500000288e+03 4.484518000000000000e+06 1.711321875000000000e+06
2.618193337500000325e+03 4.157141250000000000e+06 1.682728375000000000e+06
2.621319538499999908e+03 5.483228500000000000e+06 1.640810500000000000e+06
2.624445739499999945e+03 5.957575500000000000e+06 1.699310500000000000e+06
2.627571940499999982e+03 4.200004500000000000e+06 1.589425125000000000e+06
2.630698141500000020e+03 6.165226000000000000e+06 1.660219375000000000e+06
2.633824342500000512e+03 5.707512000000000000e+06 1.612134875000000000e+06
2.636950543500000549e+03 5.205586500000000000e+06 1.612709000000000000e+06
2.640076744500000132e+03 5.509911000000000000e+06 1.594755250000000000e+06
2.643202945500000169e+03 6.873894500000000000e+06 1.636204125000000000e+06
2.646329146500000206e+03 5.213577000000000000e+06 1.584284500000000000e+06
2.649455347500000244e+03 5.716023500000000000e+06 1.620274000000000000e+06
2.652581548499999826e+03 6.689517000000000000e+06 1.602989375000000000e+06
2.655707749499999863e+03 5.255321500000000000e+06 1.574140625000000000e+06
2.658833950500000356e+03 5.591819500000000000e+06 1.589868250000000000e+06
2.661960151500000393e+03 6.136918500000000000e+06 1.541637750000000000e+06
2.665086352500000430e+03 5.111832500000000000e+06 1.527326500000000000e+06
2.668212553500000467e+03 4.864063500000000000e+06 1.492621000000000000e+06
2.671338754500000050e+03 5.411475000000000000e+06 1.496221625000000000e+06
2.674464955500000087e+03 4.126561750000000000e+06 1.447050000000000000e+06
2.677591156500000125e+03 4.351870500000000000e+06 1.437120500000000000e+06
2.680717357500000617e+03 4.144441500000000000e+06 1.447696750000000000e+06
2.683843558499999745e+03 3.571208000000000000e+06 1.431300250000000000e+06
2.686969759500000237e+03 3.683272250000000000e+06 1.404315750000000000e+06
2.690095960500000274e+03 3.461226750000000000e+06 1.477044875000000000e+06
2.693222161500000311e+03 2.791339250000000000e+06 1.400875750000000000e+06
2.696348362500000349e+03 3.802425250000000000e+06 1.436723625000000000e+06
2.699474563499999931e+03 2.488966000000000000e+06 1.452656750000000000e+06
2.702600764499999968e+03 2.747724000000000000e+06 1.453396875000000000e+06
2.705726965500000006e+03 2.935852500000000000e+06 1.406038375000000000e+06
2.708853166500000498e+03 2.300904250000000000e+06 1.468005750000000000e+06
2.711979367500000080e+03 2.242514500000000000e+06 1.462455375000000000e+06
2.715105568500000118e+03 2.268096000000000000e+06 1.398382125000000000e+06
2.718231769500000155e+03 2.046899250000000000e+06 1.463188375000000000e+06
2.721357970500000192e+03 2.012900000000000000e+06 1.432488250000000000e+06
2.724484171500000230e+03 1.773894625000000000e+06 1.407323750000000000e+06
2.727610372500000267e+03 1.481305875000000000e+06 1.452279375000000000e+06
2.730736573499999849e+03 1.742510750000000000e+06 1.436427375000000000e+06
2.733862774500000342e+03 1.354257750000000000e+06 1.409705625000000000e+06
2.736988975500000379e+03 1.076435250000000000e+06 1.471502625000000000e+06
2.740115176500000416e+03 1.085665125000000000e+06 1.436893750000000000e+06
2.743241377499999999e+03 1.021497562500000000e+06 1.446688125000000000e+06
2.746367578500000036e+03 3.913851250000000000e+05 1.459745750000000000e+06
2.749493779500000073e+03 3.993225000000000000e+05 1.422774625000000000e+06
2.752619980500000111e+03 6.284199375000000000e+05 1.400758875000000000e+06
2.755746181500000603e+03 -4.750878750000000000e+05 1.402987500000000000e+06
2.758872382500000640e+03 1.089761718750000000e+03 1.380495625000000000e+06
2.761998583500000223e+03 -3.067611562500000000e+05 1.328622125000000000e+06
2.765124784500000260e+03 -8.626091250000000000e+05 1.362639625000000000e+06
2.768250985500000297e+03 -1.046322625000000000e+06 1.314847750000000000e+06
2.771377186499999880e+03 -1.054225500000000000e+06 1.304069625000000000e+06
2.774503387499999917e+03 -1.977755000000000000e+06 1.364973750000000000e+06
2.777629588499999954e+03 -2.033742875000000000e+06 1.378809250000000000e+06
2.780755789499999992e+03 -1.791121750000000000e+06 1.353178500000000000e+06
2.783881990500000484e+03 -3.034234000000000000e+06 1.418463375000000000e+06
2.787008191500000521e+03 -2.612071750000000000e+06 1.454492125000000000e+06
2.790134392500000104e+03 -2.315044500000000000e+06 1.398032375000000000e+06
2.793260593500000141e+03 -3.872241750000000000e+06 1.485125625000000000e+06
2.796386794500000178e+03 -3.211596250000000000e+06 1.475203250000000000e+06
2.799512995500000216e+03 -2.610954000000000000e+06 1.415207250000000000e+06
2.802639196499999798e+03 -4.566329500000000000e+06 1.492066625000000000e+06
2.805765397499999835e+03 -3.328506000000000000e+06 1.446869875000000000e+06
2.808891598500000327e+03 -3.568928500000000000e+06 1.386989875000000000e+06
2.812017799500000365e+03 -4.360564000000000000e+06 1.462056000000000000e+06
2.815144000500000402e+03 -4.169978250000000000e+06 1.408199375000000000e+06
2.818270201500000439e+03 -3.231402250000000000e+06 1.346365000000000000e+06
2.821396402500000022e+03 -4.920644500000000000e+06 1.424453000000000000e+06
2.824522603500000059e+03 -4.658360000000000000e+06 1.386038125000000000e+06
2.827648804500000097e+03 -3.269421500000000000e+06 1.296781750000000000e+06
2.830775005500000589e+03 -5.369462500000000000e+06 1.403268375000000000e+06
2.833901206500000171e+03 -4.776202000000000000e+06 1.376881625000000000e+06
2.837027407500000209e+03 -3.707008500000000000e+06 1.318297875000000000e+06
2.840153608500000246e+03 -5.486438000000000000e+06 1.432318750000000000e+06
2.843279809500000283e+03 -5.182805000000000000e+06 1.417577375000000000e+06
2.846406010500000320e+03 -3.895186500000000000e+06 1.386987875000000000e+06
2.849532211500000358e+03 -5.453701000000000000e+06 1.464864500000000000e+06
2.852658412499999940e+03 -4.715411500000000000e+06 1.474028875000000000e+06
2.855784613500000432e+03 -4.001915500000000000e+06 1.432039000000000000e+06
2.858910814500000470e+03 -4.760963500000000000e+06 1.497894125000000000e+06
2.862037015500000052e+03 -4.278249500000000000e+06 1.447609250000000000e+06
2.865163216500000090e+03 -3.073170000000000000e+06 1.455814875000000000e+06
2.868289417500000127e+03 -3.926715750000000000e+06 1.461021500000000000e+06
2.871415618500000164e+03 -2.627060750000000000e+06 1.422405750000000000e+06
2.874541819500000202e+03 -2.680330250000000000e+06 1.450601375000000000e+06
2.877668020500000694e+03 -2.453944250000000000e+06 1.406564500000000000e+06
2.880794221499999821e+03 -1.490557500000000000e+06 1.392220000000000000e+06
2.883920422500000313e+03 -1.432551500000000000e+06 1.373957500000000000e+06
2.887046623500000351e+03 -1.040084187500000000e+06 1.375827375000000000e+06
2.890172824500000388e+03 4.056097656250000000e+04 1.357066625000000000e+06
2.893299025499999971e+03 -7.919348750000000000e+05 1.349942625000000000e+06
2.896425226500000008e+03 4.257878750000000000e+05 1.396482625000000000e+06
2.899551427500000045e+03 8.091792500000000000e+05 1.361764625000000000e+06
2.902677628500000083e+03 1.750784531250000000e+05 1.335282125000000000e+06
2.905803829500000575e+03 1.164918875000000000e+06 1.385222000000000000e+06
2.908930030500000612e+03 1.316656250000000000e+06 1.323736000000000000e+06
2.912056231500000195e+03 1.205491625000000000e+06 1.319672250000000000e+06
2.915182432500000232e+03 1.786811875000000000e+06 1.319169625000000000e+06
2.918308633500000269e+03 1.882927500000000000e+06 1.272228125000000000e+06
2.921434834500000306e+03 1.714058875000000000e+06 1.256521875000000000e+06
2.924561035499999889e+03 2.378067250000000000e+06 1.274327625000000000e+06
2.927687236499999926e+03 2.407972000000000000e+06 1.261857500000000000e+06
2.930813437500000418e+03 2.034806875000000000e+06 1.206678250000000000e+06
2.933939638500000456e+03 3.255711750000000000e+06 1.248249500000000000e+06
2.937065839500000493e+03 2.927493750000000000e+06 1.233979125000000000e+06
2.940192040500000076e+03 2.068729500000000000e+06 1.142448375000000000e+06
2.943318241500000113e+03 3.782094750000000000e+06 1.252484750000000000e+06
2.946444442500000150e+03 2.908078750000000000e+06 1.197312000000000000e+06
2.949570643500000187e+03 2.205181750000000000e+06 1.127190875000000000e+06
2.952696844499999770e+03 3.402810250000000000e+06 1.219059125000000000e+06
2.955823045499999807e+03 2.868680750000000000e+06 1.187277625000000000e+06
2.958949246500000299e+03 2.164965750000000000e+06 1.092595000000000000e+06
2.962075447500000337e+03 3.287701250000000000e+06 1.151290875000000000e+06
2.965201648500000374e+03 3.119669500000000000e+06 1.144897750000000000e+06
2.968327849500000411e+03 2.139950250000000000e+06 1.036712062500000000e+06
2.971454050499999994e+03 3.158221000000000000e+06 1.087936250000000000e+06
2.974580251500000031e+03 2.896086750000000000e+06 1.070351500000000000e+06
2.977706452500000069e+03 2.349384250000000000e+06 1.007664625000000000e+06
2.980832653500000561e+03 2.804959000000000000e+06 1.016514875000000000e+06
2.983958854500000143e+03 2.565498750000000000e+06 1.016979875000000000e+06
2.987085055500000180e+03 2.021236125000000000e+06 9.860831875000000000e+05
2.990211256500000218e+03 2.416347500000000000e+06 9.719258750000000000e+05
2.993337457500000255e+03 2.205425000000000000e+06 9.618610625000000000e+05
2.996463658500000292e+03 1.830408375000000000e+06 9.348367500000000000e+05
2.999589859500000330e+03 2.184159000000000000e+06 9.574942500000000000e+05
3.002716060499999912e+03 2.243716000000000000e+06 9.384439375000000000e+05
3.005842261500000404e+03 1.662148750000000000e+06 9.090803125000000000e+05
3.008968462500000442e+03 2.243695750000000000e+06 9.511878125000000000e+05
3.012094663500000024e+03 1.886878500000000000e+06 9.328348125000000000e+05
3.015220864500000062e+03 2.001598250000000000e+06 8.913228125000000000e+05
3.018347065500000099e+03 2.160875500000000000e+06 9.231863750000000000e+05
3.021473266500000136e+03 1.934054500000000000e+06 8.981324375000000000e+05
3.024599467500000173e+03 2.575816750000000000e+06 8.895244375000000000e+05
3.027725668500000666e+03 2.487209250000000000e+06 8.920522500000000000e+05
3.030851869500000248e+03 2.511184500000000000e+06 8.954794375000000000e+05
3.033978070500000285e+03 3.302575250000000000e+06 8.948758125000000000e+05
3.037104271500000323e+03 2.934549000000000000e+06 8.888427500000000000e+05
3.040230472500000360e+03 3.425670500000000000e+06 9.025563125000000000e+05
3.043356673499999943e+03 3.667445750000000000e+06 8.941785625000000000e+05
3.046482874499999980e+03 3.796050250000000000e+06 9.104715000000000000e+05
3.049609075500000017e+03 3.968547500000000000e+06 9.068245000000000000e+05
3.052735276500000509e+03 3.935729250000000000e+06 9.014131875000000000e+05
3.055861477500000547e+03 4.112900750000000000e+06 9.045478750000000000e+05
3.058987678500000584e+03 3.946796500000000000e+06 8.851228750000000000e+05
3.062113879500000166e+03 3.971735750000000000e+06 8.817440000000000000e+05
3.065240080500000204e+03 3.962337750000000000e+06 8.834030000000000000e+05
3.068366281500000241e+03 3.743465250000000000e+06 8.522767500000000000e+05
3.071492482500000278e+03 3.679324000000000000e+06 8.521842500000000000e+05
3.074618683499999861e+03 3.508367750000000000e+06 8.084468125000000000e+05
3.077744884499999898e+03 3.453703750000000000e+06 8.235389375000000000e+05
3.080871085500000390e+03 3.189894750000000000e+06 7.853420625000000000e+05
3.083997286500000428e+03 3.206180500000000000e+06 7.759805000000000000e+05
3.087123487500000465e+03 2.975516250000000000e+06 7.805498125000000000e+05
3.090249688500000047e+03 3.143894000000000000e+06 7.726879375000000000e+05
3.093375889500000085e+03 2.940695250000000000e+06 7.495939375000000000e+05
3.096502090500000122e+03 2.856527500000000000e+06 7.751448750000000000e+05
3.099628291500000159e+03 2.666434250000000000e+06 7.545897500000000000e+05
3.102754492499999742e+03 2.402501250000000000e+06 7.514735000000000000e+05
3.105880693500000234e+03 2.449389750000000000e+06 7.668378750000000000e+05
3.109006894500000271e+03 2.368755750000000000e+06 7.568963750000000000e+05
3.112133095500000309e+03 1.983233000000000000e+06 7.662317500000000000e+05
3.115259296500000346e+03 1.927105375000000000e+06 7.483147500000000000e+05
3.118385497500000383e+03 1.646332625000000000e+06 7.256829375000000000e+05
3.121511698499999966e+03 1.380180500000000000e+06 6.918762500000000000e+05
3.124637899500000003e+03 1.298897125000000000e+06 6.487341250000000000e+05
3.127764100500000495e+03 1.070317750000000000e+06 6.055202500000000000e+05
3.130890301500000533e+03 1.084046000000000000e+06 6.146331250000000000e+05
3.134016502500000115e+03 9.035275000000000000e+05 6.091168750000000000e+05
3.137142703500000152e+03 7.581428125000000000e+05 5.435139375000000000e+05
3.140268904500000190e+03 9.513635000000000000e+05 5.213756250000000000e+05
3.143395105500000227e+03 8.022500625000000000e+05 4.489203125000000000e+05
3.146521306500000264e+03 4.694048125000000000e+05 3.687921875000000000e+05
3.149647507500000756e+03 2.224510312500000000e+05 3.198403750000000000e+05
3.152773708499999884e+03 -7.516838281250000000e+04 2.596072343750000000e+05
3.155899909500000376e+03 -1.060363359375000000e+05 2.469561562500000000e+05
3.159026110500000414e+03 -9.499306250000000000e+04 1.976099531250000000e+05
3.162152311499999996e+03 -1.509072968750000000e+05 1.574147031250000000e+05
3.165278512500000033e+03 0.000000000000000000e+00 0.000000000000000000e+00
3.168404713500000071e+03 0.000000000000000000e+00 0.000000000000000000e+00
3.171530914500000108e+03 0.000000000000000000e+00 0.000000000000000000e+00
3.174657115500000145e+03 0.000000000000000000e+00 0.000000000000000000e+00
3.177783316500000637e+03 0.000000000000000000e+00 0.000000000000000000e+00
3.180909517500000220e+03 0.000000000000000000e+00 0.000000000000000000e+00
3.184035718500000257e+03 0.000000000000000000e+00 0.000000000000000000e+00
3.187161919500000295e+03 0.000000000000000000e+00 0.000000000000000000e+00
3.190288120500000332e+03 0.000000000000000000e+00 0.000000000000000000e+00
3.193414321499999915e+03 0.000000000000000000e+00 0.000000000000000000e+00
3.196540522499999952e+03 0.000000000000000000e+00 0.000000000000000000e+00
3.199666723499999989e+03 0.000000000000000000e+00 0.000000000000000000e+00
3.202792924500000481e+03 0.000000000000000000e+00 0.000000000000000000e+00
3.205919125500000519e+03 0.000000000000000000e+00 0.000000000000000000e+00
3.209045326500000556e+03 0.000000000000000000e+00 0.000000000000000000e+00
3.212171527500000138e+03 0.000000000000000000e+00 0.000000000000000000e+00
3.215297728500000176e+03 0.000000000000000000e+00 0.000000000000000000e+00
3.218423929500000213e+03 0.000000000000000000e+00 0.000000000000000000e+00
3.221550130500000250e+03 0.000000000000000000e+00 0.000000000000000000e+00
3.224676331499999833e+03 0.000000000000000000e+00 0.000000000000000000e+00
3.227802532500000325e+03 0.000000000000000000e+00 0.000000000000000000e+00
3.230928733500000362e+03 0.000000000000000000e+00 0.000000000000000000e+00
3.234054934500000400e+03 0.000000000000000000e+00 0.000000000000000000e+00
3.237181135500000437e+03 0.000000000000000000e+00 0.000000000000000000e+00
3.240307336500000474e+03 0.000000000000000000e+00 0.000000000000000000e+00
3.243433537500000057e+03 0.000000000000000000e+00 0.000000000000000000e+00
3.246559738500000094e+03 0.000000000000000000e+00 0.000000000000000000e+00
3.249685939500000586e+03 0.000000000000000000e+00 0.000000000000000000e+00
3.252812140499999714e+03 0.000000000000000000e+00 0.000000000000000000e+00
3.255938341500000206e+03 0.000000000000000000e+00 0.000000000000000000e+00
3.259064542500000243e+03 0.000000000000000000e+00 0.000000000000000000e+00
3.262190743500000281e+03 0.000000000000000000e+00 0.000000000000000000e+00
3.265316944500000318e+03 0.000000000000000000e+00 0.000000000000000000e+00
3.268443145500000355e+03 0.000000000000000000e+00 0.000000000000000000e+00
3.271569346499999938e+03 0.000000000000000000e+00 0.000000000000000000e+00
3.274695547499999975e+03 0.000000000000000000e+00 0.000000000000000000e+00
3.277821748500000467e+03 0.000000000000000000e+00 0.000000000000000000e+00
3.280947949500000504e+03 0.000000000000000000e+00 0.000000000000000000e+00
3.284074150500000087e+03 0.000000000000000000e+00 0.000000000000000000e+00
3.287200351500000124e+03 0.000000000000000000e+00 0.000000000000000000e+00
3.290326552500000162e+03 0.000000000000000000e+00 0.000000000000000000e+00
3.293452753500000199e+03 0.000000000000000000e+00 0.000000000000000000e+00
3.296578954500000236e+03 0.000000000000000000e+00 0.000000000000000000e+00
3.299705155500000728e+03 0.000000000000000000e+00 0.000000000000000000e+00
3.302831356500000311e+03 0.000000000000000000e+00 0.000000000000000000e+00
3.305957557500000348e+03 0.000000000000000000e+00 0.000000000000000000e+00
3.309083758500000386e+03 0.000000000000000000e+00 0.000000000000000000e+00
3.312209959500000423e+03 0.000000000000000000e+00 0.000000000000000000e+00
3.315336160500000005e+03 0.000000000000000000e+00 0.000000000000000000e+00
3.318462361500000043e+03 0.000000000000000000e+00 0.000000000000000000e+00
3.321588562500000080e+03 0.000000000000000000e+00 0.000000000000000000e+00
3.324714763500000572e+03 0.000000000000000000e+00 0.000000000000000000e+00
3.327840964500000609e+03 0.000000000000000000e+00 0.000000000000000000e+00
3.330967165500000192e+03 0.000000000000000000e+00 0.000000000000000000e+00
3.334093366500000229e+03 0.000000000000000000e+00 0.000000000000000000e+00
3.337219567500000267e+03 0.000000000000000000e+00 0.000000000000000000e+00
3.340345768500000304e+03 0.000000000000000000e+00 0.000000000000000000e+00
3.343471969499999886e+03 0.000000000000000000e+00 0.000000000000000000e+00
3.346598170499999924e+03 0.000000000000000000e+00 0.000000000000000000e+00
3.349724371499999961e+03 0.000000000000000000e+00 0.000000000000000000e+00
3.352850572500000453e+03 0.000000000000000000e+00 0.000000000000000000e+00
3.355976773500000490e+03 0.000000000000000000e+00 0.000000000000000000e+00
3.359102974500000528e+03 0.000000000000000000e+00 0.000000000000000000e+00
3.362229175500000110e+03 0.000000000000000000e+00 0.000000000000000000e+00
3.365355376500000148e+03 0.000000000000000000e+00 0.000000000000000000e+00
3.368481577500000185e+03 0.000000000000000000e+00 0.000000000000000000e+00
3.371607778500000222e+03 0.000000000000000000e+00 0.000000000000000000e+00
3.374733979499999805e+03 0.000000000000000000e+00 0.000000000000000000e+00
3.377860180500000297e+03 0.000000000000000000e+00 0.000000000000000000e+00
3.380986381500000334e+03 0.000000000000000000e+00 0.000000000000000000e+00
3.384112582500000372e+03 0.000000000000000000e+00 0.000000000000000000e+00
3.387238783500000409e+03 0.000000000000000000e+00 0.000000000000000000e+00
3.390364984500000446e+03 0.000000000000000000e+00 0.000000000000000000e+00
3.393491185500000029e+03 0.000000000000000000e+00 0.000000000000000000e+00
3.396617386500000066e+03 0.000000000000000000e+00 0.000000000000000000e+00
3.399743587500000558e+03 0.000000000000000000e+00 0.000000000000000000e+00
3.402869788500000141e+03 0.000000000000000000e+00 0.000000000000000000e+00
3.405995989500000178e+03 0.000000000000000000e+00 0.000000000000000000e+00
3.409122190500000215e+03 0.000000000000000000e+00 0.000000000000000000e+00
3.412248391500000253e+03 0.000000000000000000e+00 0.000000000000000000e+00
3.415374592500000290e+03 0.000000000000000000e+00 0.000000000000000000e+00
3.418500793500000327e+03 0.000000000000000000e+00 0.000000000000000000e+00
3.421626994499999910e+03 0.000000000000000000e+00 0.000000000000000000e+00
3.424753195500000402e+03 0.000000000000000000e+00 0.000000000000000000e+00
3.427879396500000439e+03 0.000000000000000000e+00 0.000000000000000000e+00
3.431005597500000476e+03 0.000000000000000000e+00 0.000000000000000000e+00
3.434131798500000059e+03 0.000000000000000000e+00 0.000000000000000000e+00
3.437257999500000096e+03 0.000000000000000000e+00 0.000000000000000000e+00
3.440384200500000134e+03 0.000000000000000000e+00 0.000000000000000000e+00
3.443510401500000171e+03 0.000000000000000000e+00 0.000000000000000000e+00
3.446636602500000663e+03 0.000000000000000000e+00 0.000000000000000000e+00
3.449762803500000700e+03 0.000000000000000000e+00 0.000000000000000000e+00
3.452889004500000283e+03 0.000000000000000000e+00 0.000000000000000000e+00
3.456015205500000320e+03 0.000000000000000000e+00 0.000000000000000000e+00
3.459141406500000357e+03 0.000000000000000000e+00 0.000000000000000000e+00
3.462267607500000395e+03 0.000000000000000000e+00 0.000000000000000000e+00
3.465393808499999977e+03 0.000000000000000000e+00 0.000000000000000000e+00
3.468520009500000015e+03 0.000000000000000000e+00 0.000000000000000000e+00
3.471646210500000052e+03 0.000000000000000000e+00 0.000000000000000000e+00
3.474772411500000544e+03 0.000000000000000000e+00 0.000000000000000000e+00
3.477898612500000581e+03 0.000000000000000000e+00 0.000000000000000000e+00
3.481024813500000164e+03 0.000000000000000000e+00 0.000000000000000000e+00
3.484151014500000201e+03 0.000000000000000000e+00 0.000000000000000000e+00
3.487277215500000239e+03 0.000000000000000000e+00 0.000000000000000000e+00
3.490403416500000276e+03 0.000000000000000000e+00 0.000000000000000000e+00
3.493529617499999858e+03 0.000000000000000000e+00 0.000000000000000000e+00
3.496655818499999896e+03 0.000000000000000000e+00 0.000000000000000000e+00
3.499782019500000388e+03 0.000000000000000000e+00 0.000000000000000000e+00
3.502908220500000425e+03 0.000000000000000000e+00 0.000000000000000000e+00
3.506034421500000462e+03 0.000000000000000000e+00 0.000000000000000000e+00
3.509160622500000500e+03 0.000000000000000000e+00 0.000000000000000000e+00
3.512286823500000082e+03 0.000000000000000000e+00 0.000000000000000000e+00
3.515413024500000120e+03 0.000000000000000000e+00 0.000000000000000000e+00
3.518539225500000157e+03 0.000000000000000000e+00 0.000000000000000000e+00
3.521665426500000649e+03 0.000000000000000000e+00 0.000000000000000000e+00
3.524791627499999777e+03 0.000000000000000000e+00 0.000000000000000000e+00
3.527917828500000269e+03 0.000000000000000000e+00 0.000000000000000000e+00
3.531044029500000306e+03 0.000000000000000000e+00 0.000000000000000000e+00
3.534170230500000343e+03 0.000000000000000000e+00 0.000000000000000000e+00
3.537296431500000381e+03 0.000000000000000000e+00 0.000000000000000000e+00
3.540422632500000418e+03 0.000000000000000000e+00 0.000000000000000000e+00
3.543548833500000001e+03 0.000000000000000000e+00 0.000000000000000000e+00
3.546675034500000038e+03 0.000000000000000000e+00 0.000000000000000000e+00
3.549801235500000530e+03 0.000000000000000000e+00 0.000000000000000000e+00
3.552927436500000113e+03 0.000000000000000000e+00 0.000000000000000000e+00
3.556053637500000150e+03 0.000000000000000000e+00 0.000000000000000000e+00
3.559179838500000187e+03 0.000000000000000000e+00 0.000000000000000000e+00
3.562306039500000225e+03 0.000000000000000000e+00 0.000000000000000000e+00
3.565432240500000262e+03 0.000000000000000000e+00 0.000000000000000000e+00
3.568558441500000299e+03 0.000000000000000000e+00 0.000000000000000000e+00
3.571684642499999882e+03 0.000000000000000000e+00 0.000000000000000000e+00
3.574810843500000374e+03 0.000000000000000000e+00 0.000000000000000000e+00
3.577937044500000411e+03 0.000000000000000000e+00 0.000000000000000000e+00
3.581063245500000448e+03 0.000000000000000000e+00 0.000000000000000000e+00
3.584189446500000031e+03 0.000000000000000000e+00 0.000000000000000000e+00
3.587315647500000068e+03 0.000000000000000000e+00 0.000000000000000000e+00
3.590441848500000106e+03 0.000000000000000000e+00 0.000000000000000000e+00
3.593568049500000143e+03 0.000000000000000000e+00 0.000000000000000000e+00
3.596694250500000635e+03 0.000000000000000000e+00 0.000000000000000000e+00
3.599820451500000672e+03 0.000000000000000000e+00 0.000000000000000000e+00
3.602946652500000255e+03 0.000000000000000000e+00 0.000000000000000000e+00
3.606072853500000292e+03 0.000000000000000000e+00 0.000000000000000000e+00
3.609199054500000329e+03 0.000000000000000000e+00 0.000000000000000000e+00
3.612325255500000367e+03 0.000000000000000000e+00 0.000000000000000000e+00
3.615451456499999949e+03 0.000000000000000000e+00 0.000000000000000000e+00
3.618577657499999987e+03 0.000000000000000000e+00 0.000000000000000000e+00
3.621703858500000479e+03 0.000000000000000000e+00 0.000000000000000000e+00
3.624830059500000516e+03 0.000000000000000000e+00 0.000000000000000000e+00
3.627956260500000553e+03 0.000000000000000000e+00 0.000000000000000000e+00
3.631082461500000591e+03 0.000000000000000000e+00 0.000000000000000000e+00
3.634208662500000173e+03 0.000000000000000000e+00 0.000000000000000000e+00
3.637334863500000210e+03 0.000000000000000000e+00 0.000000000000000000e+00
3.640461064500000248e+03 0.000000000000000000e+00 0.000000000000000000e+00
3.643587265499999830e+03 0.000000000000000000e+00 0.000000000000000000e+00
3.646713466499999868e+03 0.000000000000000000e+00 0.000000000000000000e+00
3.649839667500000360e+03 0.000000000000000000e+00 0.000000000000000000e+00
3.652965868500000397e+03 0.000000000000000000e+00 0.000000000000000000e+00
3.656092069500000434e+03 0.000000000000000000e+00 0.000000000000000000e+00
3.659218270500000472e+03 0.000000000000000000e+00 0.000000000000000000e+00
3.662344471500000054e+03 0.000000000000000000e+00 0.000000000000000000e+00
3.665470672500000092e+03 0.000000000000000000e+00 0.000000000000000000e+00
3.668596873500000129e+03 0.000000000000000000e+00 0.000000000000000000e+00
3.671723074500000621e+03 0.000000000000000000e+00 0.000000000000000000e+00
3.674849275500000203e+03 0.000000000000000000e+00 0.000000000000000000e+00
3.677975476500000241e+03 0.000000000000000000e+00 0.000000000000000000e+00
3.681101677500000278e+03 0.000000000000000000e+00 0.000000000000000000e+00
3.684227878500000315e+03 0.000000000000000000e+00 0.000000000000000000e+00
3.687354079500000353e+03 0.000000000000000000e+00 0.000000000000000000e+00
3.690480280500000390e+03 0.000000000000000000e+00 0.000000000000000000e+00
3.693606481499999973e+03 0.000000000000000000e+00 0.000000000000000000e+00
3.696732682500000465e+03 0.000000000000000000e+00 0.000000000000000000e+00
3.699858883500000502e+03 0.000000000000000000e+00 0.000000000000000000e+00
3.702985084500000539e+03 0.000000000000000000e+00 0.000000000000000000e+00
3.706111285500000122e+03 0.000000000000000000e+00 0.000000000000000000e+00
3.709237486500000159e+03 0.000000000000000000e+00 0.000000000000000000e+00
3.712363687500000196e+03 0.000000000000000000e+00 0.000000000000000000e+00
3.715489888500000234e+03 0.000000000000000000e+00 0.000000000000000000e+00
3.718616089500000726e+03 0.000000000000000000e+00 0.000000000000000000e+00
3.721742290499999854e+03 0.000000000000000000e+00 0.000000000000000000e+00
3.724868491500000346e+03 0.000000000000000000e+00 0.000000000000000000e+00
3.727994692500000383e+03 0.000000000000000000e+00 0.000000000000000000e+00
3.731120893500000420e+03 0.000000000000000000e+00 0.000000000000000000e+00
3.734247094500000003e+03 0.000000000000000000e+00 0.000000000000000000e+00
3.737373295500000040e+03 0.000000000000000000e+00 0.000000000000000000e+00
3.740499496500000078e+03 0.000000000000000000e+00 0.000000000000000000e+00
3.743625697500000115e+03 0.000000000000000000e+00 0.000000000000000000e+00
3.746751898500000607e+03 0.000000000000000000e+00 0.000000000000000000e+00
3.749878099500000644e+03 0.000000000000000000e+00 0.000000000000000000e+00
