# Radius [au]	Intensity [Jy/sr]	error_Intensity [Jy/sr]
1.563100500000000226e+00 1.449884262400000000e+10 0.000000000000000000e+00
4.689301500000000011e+00 1.426761523200000000e+10 8.185269600000000000e+07
7.815502500000000907e+00 1.382548480000000000e+10 6.791787200000000000e+07
1.094170350000000091e+01 1.337892454400000000e+10 2.213454400000000000e+08
1.406790450000000092e+01 1.266791731200000000e+10 2.035309920000000000e+08
1.719410550000000271e+01 1.188250214400000000e+10 2.098150400000000000e+08
2.032030650000000094e+01 1.130560921600000000e+10 2.730994560000000000e+08
2.344650749999999917e+01 1.047740108800000000e+10 2.478891200000000000e+08
2.657270850000000451e+01 9.715897344000000000e+09 2.295251680000000000e+08
2.969890950000000274e+01 9.243264000000000000e+09 2.328175360000000000e+08
3.282511050000000097e+01 8.583518720000000000e+09 1.865942240000000000e+08
3.595131150000000275e+01 7.959256064000000000e+09 1.649588960000000000e+08
3.907751250000000454e+01 7.496139264000000000e+09 1.513569600000000000e+08
4.220371349999999921e+01 7.056856576000000000e+09 1.150115520000000000e+08
4.532991450000000100e+01 6.563415552000000000e+09 9.664018400000000000e+07
4.845611550000000989e+01 6.263244800000000000e+09 9.281520000000000000e+07
5.158231649999999746e+01 5.888258560000000000e+09 6.278431600000000000e+07
5.470851750000000635e+01 5.565292032000000000e+09 5.152284800000000000e+07
5.783471850000000813e+01 5.286917632000000000e+09 4.292250800000000000e+07
6.096091950000000281e+01 4.998472192000000000e+09 2.765431200000000000e+07
6.408712049999999749e+01 4.703165440000000000e+09 2.748324800000000000e+07
6.721332150000000638e+01 4.423225856000000000e+09 2.857914400000000000e+07
7.033952250000000106e+01 4.111941888000000000e+09 2.561021000000000000e+07
7.346572350000000995e+01 3.815649024000000000e+09 2.809315200000000000e+07
7.659192450000000463e+01 3.524450816000000000e+09 2.701861200000000000e+07
7.971812549999999931e+01 3.223625728000000000e+09 2.493889000000000000e+07
8.284432650000000820e+01 2.936439296000000000e+09 2.729568600000000000e+07
8.597052750000000287e+01 2.679517440000000000e+09 2.817819400000000000e+07
8.909672849999999755e+01 2.424005120000000000e+09 2.673498600000000000e+07
9.222292950000000644e+01 2.188262656000000000e+09 2.536556400000000000e+07
9.534913050000000112e+01 1.997492736000000000e+09 2.587847200000000000e+07
9.847533149999999580e+01 1.798150784000000000e+09 2.297992200000000000e+07
1.016015325000000189e+02 1.619654272000000000e+09 2.134122000000000000e+07
1.047277335000000136e+02 1.479454464000000000e+09 2.120188400000000000e+07
1.078539345000000083e+02 1.359013760000000000e+09 1.874096200000000000e+07
1.109801355000000171e+02 1.237990784000000000e+09 1.699664000000000000e+07
1.141063365000000118e+02 1.153753728000000000e+09 1.688447200000000000e+07
1.172325375000000065e+02 1.084025856000000000e+09 1.565346300000000000e+07
1.203587385000000154e+02 1.029129472000000000e+09 1.427831700000000000e+07
1.234849395000000101e+02 9.855521920000000000e+08 1.328318800000000000e+07
1.266111405000000047e+02 9.690701440000000000e+08 1.227803100000000000e+07
1.297373415000000136e+02 9.529237120000000000e+08 1.109045900000000000e+07
1.328635424999999941e+02 9.488512000000000000e+08 9.784458000000000000e+06
1.359897435000000030e+02 9.626702080000000000e+08 8.124901500000000000e+06
1.391159445000000119e+02 9.738193280000000000e+08 7.226749000000000000e+06
1.422421455000000208e+02 9.886554880000000000e+08 6.519509000000000000e+06
1.453683465000000012e+02 1.002488960000000000e+09 6.300176500000000000e+06
1.484945475000000101e+02 1.015009088000000000e+09 7.053285500000000000e+06
1.516207485000000190e+02 1.024128256000000000e+09 7.770087000000000000e+06
1.547469494999999995e+02 1.016991808000000000e+09 8.518281000000000000e+06
1.578731505000000084e+02 1.010380992000000000e+09 9.592426000000000000e+06
1.609993515000000173e+02 9.938138240000000000e+08 9.363835000000000000e+06
1.641255525000000262e+02 9.643616640000000000e+08 9.905446000000000000e+06
1.672517535000000066e+02 9.292869120000000000e+08 1.007693400000000000e+07
1.703779544999999871e+02 8.936887040000000000e+08 8.916365000000000000e+06
1.735041555000000244e+02 8.411552000000000000e+08 8.990253000000000000e+06
1.766303565000000049e+02 7.903511040000000000e+08 8.959194000000000000e+06
1.797565574999999853e+02 7.437364480000000000e+08 7.569499500000000000e+06
1.828827585000000511e+02 6.862830720000000000e+08 7.948439000000000000e+06
1.860089595000000031e+02 6.336936320000000000e+08 7.648353500000000000e+06
1.891351604999999836e+02 5.845879040000000000e+08 6.493284000000000000e+06
1.922613615000000493e+02 5.295784960000000000e+08 6.411669500000000000e+06
1.953875625000000014e+02 4.809560640000000000e+08 6.176742500000000000e+06
1.985137634999999818e+02 4.363562560000000000e+08 5.217441000000000000e+06
2.016399645000000476e+02 3.883771840000000000e+08 4.955996500000000000e+06
2.047661655000000280e+02 3.472502080000000000e+08 4.751613500000000000e+06
2.078923664999999801e+02 3.102739520000000000e+08 4.079745500000000000e+06
2.110185675000000458e+02 2.715381440000000000e+08 3.860825500000000000e+06
2.141447685000000263e+02 2.375949280000000000e+08 3.863651250000000000e+06
2.172709694999999783e+02 2.082895360000000000e+08 3.660961000000000000e+06
2.203971705000000441e+02 1.792985280000000000e+08 3.425159250000000000e+06
2.235233715000000245e+02 1.541720480000000000e+08 3.356931000000000000e+06
2.266495725000000050e+02 1.327799520000000000e+08 3.272410500000000000e+06
2.297757735000000423e+02 1.131100800000000000e+08 3.145873000000000000e+06
2.329019745000000228e+02 9.604680800000000000e+07 3.056240000000000000e+06
2.360281755000000032e+02 8.124494400000000000e+07 3.050405500000000000e+06
2.391543765000000406e+02 7.158768000000000000e+07 2.932999250000000000e+06
2.422805775000000210e+02 6.077478800000000000e+07 2.879063250000000000e+06
2.454067785000000015e+02 5.188267600000000000e+07 2.888882500000000000e+06
2.485329795000000388e+02 4.694788800000000000e+07 2.905719500000000000e+06
2.516591805000000193e+02 4.119330800000000000e+07 2.878260750000000000e+06
2.547853814999999997e+02 3.523804800000000000e+07 2.890276250000000000e+06
2.579115825000000655e+02 3.294700000000000000e+07 2.889403250000000000e+06
2.610377834999999891e+02 2.892386200000000000e+07 2.824299250000000000e+06
2.641639844999999696e+02 2.490966800000000000e+07 2.742391750000000000e+06
2.672901855000000637e+02 2.333552200000000000e+07 2.745126500000000000e+06
2.704163865000000442e+02 2.115154000000000000e+07 2.668943750000000000e+06
2.735425874999999678e+02 1.894193800000000000e+07 2.577104000000000000e+06
2.766687885000000620e+02 1.787369600000000000e+07 2.573220000000000000e+06
2.797949895000000424e+02 1.676761200000000000e+07 2.563822250000000000e+06
2.829211904999999661e+02 1.593090400000000000e+07 2.471469500000000000e+06
2.860473915000000602e+02 1.500987900000000000e+07 2.428933000000000000e+06
2.891735925000000407e+02 1.421615000000000000e+07 2.368379750000000000e+06
2.922997934999999643e+02 1.262349000000000000e+07 2.395003000000000000e+06
2.954259945000000585e+02 1.310802500000000000e+07 2.340601250000000000e+06
2.985521955000000389e+02 1.096647800000000000e+07 2.278269500000000000e+06
3.016783965000000194e+02 9.731038000000000000e+06 2.331082250000000000e+06
3.048045975000000567e+02 1.034858200000000000e+07 2.294191750000000000e+06
3.079307985000000372e+02 9.584888000000000000e+06 2.296079000000000000e+06
3.110569995000000176e+02 7.825098000000000000e+06 2.224539000000000000e+06
3.141832005000000549e+02 9.337698000000000000e+06 2.297864500000000000e+06
3.173094015000000354e+02 8.511923000000000000e+06 2.210290750000000000e+06
3.204356025000000727e+02 7.082280500000000000e+06 2.111385500000000000e+06
3.235618035000000532e+02 8.581428000000000000e+06 2.260322750000000000e+06
3.266880045000000337e+02 7.847109500000000000e+06 2.155794750000000000e+06
3.298142055000000141e+02 6.067966500000000000e+06 2.050102125000000000e+06
3.329404065000000514e+02 7.466030000000000000e+06 2.276007500000000000e+06
3.360666075000000319e+02 6.369205500000000000e+06 2.184111000000000000e+06
3.391928085000000692e+02 4.871867000000000000e+06 2.084609125000000000e+06
3.423190095000000497e+02 6.961488500000000000e+06 2.315791250000000000e+06
3.454452105000000302e+02 6.553782500000000000e+06 2.193187000000000000e+06
3.485714115000000106e+02 4.638500500000000000e+06 2.137209000000000000e+06
3.516976125000000479e+02 6.886702500000000000e+06 2.252999000000000000e+06
3.548238135000000284e+02 7.492476500000000000e+06 2.210250000000000000e+06
3.579500145000000657e+02 6.072655000000000000e+06 2.225703500000000000e+06
3.610762155000000462e+02 8.444302000000000000e+06 2.299224000000000000e+06
3.642024165000000266e+02 7.884226000000000000e+06 2.325299000000000000e+06
3.673286175000000071e+02 7.054672000000000000e+06 2.360470500000000000e+06
3.704548185000000444e+02 8.533192000000000000e+06 2.365562500000000000e+06
3.735810195000000249e+02 7.638115500000000000e+06 2.319009500000000000e+06
3.767072205000000622e+02 6.717139000000000000e+06 2.275278750000000000e+06
3.798334215000000427e+02 6.845659500000000000e+06 2.280929500000000000e+06
3.829596225000000231e+02 6.078853000000000000e+06 2.221109000000000000e+06
3.860858235000000036e+02 5.175772000000000000e+06 2.215256250000000000e+06
3.892120245000000409e+02 5.285170000000000000e+06 2.211669000000000000e+06
3.923382255000000214e+02 5.115088000000000000e+06 2.210416250000000000e+06
3.954644265000000587e+02 4.915511500000000000e+06 2.151328750000000000e+06
3.985906275000000392e+02 4.534031500000000000e+06 2.102884750000000000e+06
4.017168285000000196e+02 5.240813500000000000e+06 2.048650000000000000e+06
4.048430295000000001e+02 3.500394000000000000e+06 1.964256375000000000e+06
4.079692305000000374e+02 4.992755000000000000e+06 1.943775250000000000e+06
4.110954315000000179e+02 4.427947500000000000e+06 1.935156625000000000e+06
4.142216325000000552e+02 3.638154000000000000e+06 1.844690750000000000e+06
4.173478335000000357e+02 4.186239750000000000e+06 1.856267625000000000e+06
4.204740345000000161e+02 3.824414500000000000e+06 1.840007625000000000e+06
4.236002354999999966e+02 3.760780750000000000e+06 1.821063750000000000e+06
4.267264365000000339e+02 4.504834000000000000e+06 1.850554125000000000e+06
4.298526375000000144e+02 4.752542000000000000e+06 1.816270000000000000e+06
4.329788385000000517e+02 4.226527500000000000e+06 1.817316625000000000e+06
4.361050395000000321e+02 5.195404000000000000e+06 1.825282875000000000e+06
4.392312405000000126e+02 5.786526500000000000e+06 1.827027750000000000e+06
4.423574414999999931e+02 4.866573000000000000e+06 1.777723500000000000e+06
4.454836425000000304e+02 5.702442000000000000e+06 1.836954625000000000e+06
4.486098435000000109e+02 5.882281000000000000e+06 1.824010375000000000e+06
4.517360445000000482e+02 5.018318000000000000e+06 1.767815625000000000e+06
4.548622455000000286e+02 5.348530500000000000e+06 1.856911625000000000e+06
4.579884465000000091e+02 5.851002000000000000e+06 1.865095250000000000e+06
4.611146474999999896e+02 4.630027500000000000e+06 1.821529250000000000e+06
4.642408485000000269e+02 5.693023500000000000e+06 1.879207875000000000e+06
4.673670495000000074e+02 5.630696000000000000e+06 1.895701000000000000e+06
4.704932505000000447e+02 5.355284000000000000e+06 1.868458875000000000e+06
4.736194515000000251e+02 5.163498000000000000e+06 1.837071625000000000e+06
4.767456525000000056e+02 5.904380000000000000e+06 1.858975875000000000e+06
4.798718534999999861e+02 5.193601500000000000e+06 1.817320875000000000e+06
4.829980545000000234e+02 4.638676500000000000e+06 1.719719375000000000e+06
4.861242555000000038e+02 5.317371500000000000e+06 1.735528625000000000e+06
4.892504565000000412e+02 4.395678500000000000e+06 1.701483625000000000e+06
4.923766575000000216e+02 3.663204250000000000e+06 1.559181875000000000e+06
4.955028585000000021e+02 4.126015750000000000e+06 1.601299625000000000e+06
4.986290594999999826e+02 3.410692500000000000e+06 1.540804375000000000e+06
5.017552605000000199e+02 2.394974250000000000e+06 1.548708625000000000e+06
5.048814615000000003e+02 3.417830750000000000e+06 1.492196125000000000e+06
5.080076625000000945e+02 2.750709250000000000e+06 1.544230875000000000e+06
5.111338635000000181e+02 2.565813250000000000e+06 1.549761375000000000e+06
5.142600644999999986e+02 3.129072500000000000e+06 1.508372875000000000e+06
5.173862655000000359e+02 2.974034500000000000e+06 1.532436750000000000e+06
5.205124665000000732e+02 2.494874500000000000e+06 1.602864000000000000e+06
5.236386674999999968e+02 3.405440000000000000e+06 1.520703750000000000e+06
5.267648685000000341e+02 3.205443750000000000e+06 1.571539000000000000e+06
5.298910695000000715e+02 2.109376250000000000e+06 1.624336250000000000e+06
5.330172704999999951e+02 2.639534250000000000e+06 1.607833750000000000e+06
5.361434715000000324e+02 2.480935250000000000e+06 1.647242000000000000e+06
5.392696725000000697e+02 1.271514875000000000e+06 1.703058875000000000e+06
5.423958734999999933e+02 1.158578875000000000e+06 1.768106750000000000e+06
5.455220745000000306e+02 1.274742250000000000e+06 1.745025250000000000e+06
5.486482755000000680e+02 2.331676250000000000e+05 1.730249375000000000e+06
5.517744764999999916e+02 6.835258125000000000e+05 1.735757000000000000e+06
5.549006775000000289e+02 7.500601250000000000e+05 1.663096750000000000e+06
5.580268785000000662e+02 -2.221837500000000000e+05 1.574784625000000000e+06
5.611530794999999898e+02 8.197170000000000000e+05 1.515650875000000000e+06
5.642792805000000271e+02 9.123474218750000000e+04 1.453985375000000000e+06
5.674054815000000644e+02 2.239911406250000000e+05 1.379746375000000000e+06
5.705316824999999881e+02 7.918015625000000000e+05 1.348515875000000000e+06
5.736578835000000254e+02 1.237422578125000000e+05 1.339308750000000000e+06
5.767840845000000627e+02 2.232009687500000000e+05 1.322670500000000000e+06
5.799102854999999863e+02 6.713372500000000000e+05 1.331194125000000000e+06
5.830364865000000236e+02 6.622530000000000000e+05 1.326075500000000000e+06
5.861626875000000609e+02 2.741478750000000000e+05 1.322141250000000000e+06
5.892888884999999846e+02 7.971664375000000000e+05 1.329214500000000000e+06
5.924150895000000219e+02 4.987521562500000000e+05 1.320474125000000000e+06
5.955412905000000592e+02 1.187646386718750000e+04 1.343419500000000000e+06
5.986674914999999828e+02 -1.507443437500000000e+05 1.356426625000000000e+06
6.017936925000000201e+02 -7.250145000000000000e+05 1.365934375000000000e+06
6.049198935000000574e+02 -5.995010625000000000e+05 1.401070375000000000e+06
6.080460944999999811e+02 -1.051891250000000000e+06 1.423268500000000000e+06
6.111722955000000184e+02 -1.388779875000000000e+06 1.441752125000000000e+06
6.142984965000000557e+02 -1.389862125000000000e+06 1.432866750000000000e+06
6.174246975000000930e+02 -1.361811625000000000e+06 1.442107750000000000e+06
6.205508985000000166e+02 -1.232264375000000000e+06 1.453881375000000000e+06
6.236770995000000539e+02 -6.801595625000000000e+05 1.394564250000000000e+06
6.268033004999999775e+02 -9.618110625000000000e+05 1.429100750000000000e+06
6.299295015000000149e+02 -9.284410625000000000e+05 1.431567000000000000e+06
6.330557025000000522e+02 6.088420312500000000e+04 1.397154625000000000e+06
6.361819035000000895e+02 -1.010119531250000000e+05 1.411738125000000000e+06
6.393081045000000131e+02 5.190783203125000000e+04 1.457375750000000000e+06
6.424343055000000504e+02 1.208051125000000000e+06 1.399465500000000000e+06
6.455605064999999740e+02 7.721046875000000000e+05 1.397745250000000000e+06
6.486867075000001250e+02 9.122611875000000000e+05 1.403219625000000000e+06
6.518129084999999350e+02 1.663627625000000000e+06 1.321112625000000000e+06
6.549391095000000860e+02 1.460716375000000000e+06 1.334087125000000000e+06
6.580653104999998959e+02 1.430489250000000000e+06 1.342303375000000000e+06
6.611915115000000469e+02 1.864856750000000000e+06 1.322782750000000000e+06
6.643177125000001979e+02 1.353360250000000000e+06 1.337800500000000000e+06
6.674439135000000078e+02 1.635722750000000000e+06 1.369943875000000000e+06
6.705701145000001588e+02 1.514496125000000000e+06 1.355620000000000000e+06
6.736963154999999688e+02 1.155545125000000000e+06 1.354005625000000000e+06
6.768225165000001198e+02 7.510753750000000000e+05 1.348279750000000000e+06
6.799487175000000434e+02 1.384807625000000000e+06 1.332943750000000000e+06
6.830749184999999670e+02 3.741919687500000000e+05 1.302570750000000000e+06
6.862011195000001180e+02 8.909583125000000000e+05 1.323214750000000000e+06
6.893273204999999280e+02 1.399410625000000000e+06 1.311883125000000000e+06
6.924535215000000790e+02 8.137881250000000000e+05 1.283382625000000000e+06
6.955797224999998889e+02 1.112504500000000000e+06 1.267194750000000000e+06
6.987059235000000399e+02 2.256126250000000000e+06 1.292679500000000000e+06
7.018321245000001909e+02 1.559157625000000000e+06 1.275161875000000000e+06
7.049583255000000008e+02 1.349622875000000000e+06 1.284810375000000000e+06
7.080845265000001518e+02 2.309008000000000000e+06 1.318569375000000000e+06
7.112107274999999618e+02 1.086273375000000000e+06 1.343841000000000000e+06
7.143369285000001128e+02 9.092384375000000000e+05 1.365992500000000000e+06
7.174631295000000364e+02 1.163373250000000000e+06 1.399718625000000000e+06
7.205893305000000737e+02 6.215963125000000000e+05 1.401202375000000000e+06
7.237155315000001110e+02 2.120552968750000000e+05 1.367219375000000000e+06
7.268417324999999209e+02 -1.674933906250000000e+05 1.346146250000000000e+06
7.299679335000000719e+02 1.618452968750000000e+05 1.295857625000000000e+06
7.330941344999998819e+02 -7.203453125000000000e+04 1.246734000000000000e+06
7.362203355000000329e+02 -3.971414375000000000e+05 1.223746625000000000e+06
7.393465365000001839e+02 2.000006406250000000e+05 1.220053000000000000e+06
7.424727374999999938e+02 -1.142222343750000000e+05 1.197723125000000000e+06
7.455989385000001448e+02 -2.427383593750000000e+05 1.230234875000000000e+06
7.487251394999999548e+02 1.021791250000000000e+06 1.264801000000000000e+06
7.518513405000001057e+02 6.394823125000000000e+05 1.280877000000000000e+06
7.549775415000000294e+02 8.700852500000000000e+05 1.338749500000000000e+06
7.581037425000000667e+02 1.978266500000000000e+06 1.357656000000000000e+06
7.612299435000001040e+02 2.018237500000000000e+06 1.374121625000000000e+06
7.643561445000000276e+02 2.420491250000000000e+06 1.412638375000000000e+06
7.674823455000000649e+02 3.155547500000000000e+06 1.378092250000000000e+06
7.706085464999998749e+02 3.233090500000000000e+06 1.359221500000000000e+06
7.737347475000000259e+02 3.360477500000000000e+06 1.361941750000000000e+06
7.768609485000001769e+02 3.934608750000000000e+06 1.311744625000000000e+06
7.799871494999999868e+02 4.309484000000000000e+06 1.281027250000000000e+06
7.831133505000001378e+02 4.076084750000000000e+06 1.305543375000000000e+06
7.862395514999999477e+02 4.180903000000000000e+06 1.259522375000000000e+06
7.893657525000000987e+02 4.238317500000000000e+06 1.264524625000000000e+06
7.924919535000000224e+02 3.894484500000000000e+06 1.254652500000000000e+06
7.956181545000000597e+02 4.072235000000000000e+06 1.250896000000000000e+06
7.987443555000000970e+02 4.132974000000000000e+06 1.234252000000000000e+06
8.018705565000000206e+02 4.091219750000000000e+06 1.229248750000000000e+06
8.049967575000000579e+02 3.958765500000000000e+06 1.216470375000000000e+06
8.081229585000000952e+02 3.934341500000000000e+06 1.221543500000000000e+06
8.112491595000000189e+02 3.418545500000000000e+06 1.193045875000000000e+06
8.143753605000001698e+02 2.966507500000000000e+06 1.182303375000000000e+06
8.175015614999999798e+02 2.887242250000000000e+06 1.218614875000000000e+06
8.206277625000001308e+02 1.904607500000000000e+06 1.196431625000000000e+06
8.237539634999999407e+02 1.924623125000000000e+06 1.182961125000000000e+06
8.268801645000000917e+02 1.165054875000000000e+06 1.231781375000000000e+06
8.300063655000002427e+02 8.648640625000000000e+05 1.243228750000000000e+06
8.331325665000000527e+02 4.070186250000000000e+05 1.234009500000000000e+06
8.362587675000000900e+02 2.261203125000000000e+05 1.263989500000000000e+06
8.393849685000000136e+02 9.057929687500000000e+04 1.284743000000000000e+06
8.425111695000000509e+02 6.646587500000000000e+04 1.272459375000000000e+06
8.456373705000000882e+02 -3.272291875000000000e+05 1.289306000000000000e+06
8.487635715000000118e+02 -3.953274062500000000e+05 1.295129375000000000e+06
8.518897725000001628e+02 -6.043547500000000000e+05 1.289657125000000000e+06
8.550159734999999728e+02 -5.854777500000000000e+05 1.249225625000000000e+06
8.581421745000001238e+02 -9.221468750000000000e+05 1.282337625000000000e+06
8.612683754999999337e+02 -1.322539750000000000e+06 1.253257500000000000e+06
8.643945765000000847e+02 -1.364414125000000000e+06 1.251631250000000000e+06
8.675207775000002357e+02 -1.407475625000000000e+06 1.239808375000000000e+06
8.706469785000000456e+02 -1.053849625000000000e+06 1.213013750000000000e+06
8.737731795000001966e+02 -1.316712500000000000e+06 1.233075625000000000e+06
8.768993805000000066e+02 -9.963133125000000000e+05 1.207149875000000000e+06
8.800255815000000439e+02 -7.662520625000000000e+05 1.179056625000000000e+06
8.831517825000000812e+02 -2.979137812500000000e+05 1.201571125000000000e+06
8.862779835000000048e+02 8.659631250000000000e+04 1.154867000000000000e+06
8.894041845000001558e+02 5.430678125000000000e+05 1.156176750000000000e+06
8.925303854999999658e+02 1.230362000000000000e+06 1.162409625000000000e+06
8.956565865000001168e+02 1.155762250000000000e+06 1.175991250000000000e+06
8.987827874999999267e+02 1.420835875000000000e+06 1.199280375000000000e+06
9.019089885000000777e+02 1.863140375000000000e+06 1.221995125000000000e+06
9.050351895000002287e+02 1.382192500000000000e+06 1.233339750000000000e+06
9.081613905000000386e+02 1.407888375000000000e+06 1.274625625000000000e+06
9.112875915000001896e+02 1.203473375000000000e+06 1.239892750000000000e+06
9.144137924999999996e+02 1.090918875000000000e+06 1.237795500000000000e+06
9.175399935000001506e+02 7.199688964843750000e+03 1.199932625000000000e+06
9.206661945000000742e+02 1.980441875000000000e+05 1.176126000000000000e+06
9.237923954999999978e+02 -3.403131562500000000e+05 1.147477500000000000e+06
9.269185965000001488e+02 -6.893503125000000000e+05 1.166029500000000000e+06
9.300447974999999587e+02 -4.936938125000000000e+05 1.161312000000000000e+06
9.331709985000001097e+02 -5.399251875000000000e+05 1.165286875000000000e+06
9.362971994999999197e+02 -1.099246250000000000e+06 1.195636375000000000e+06
9.394234005000000707e+02 -3.772485000000000000e+05 1.210346500000000000e+06
9.425496015000002217e+02 -3.776294687500000000e+05 1.219054250000000000e+06
9.456758025000000316e+02 -2.619708437500000000e+05 1.233115875000000000e+06
9.488020035000001826e+02 -3.194560312500000000e+05 1.259492125000000000e+06
9.519282044999999925e+02 1.997080468750000000e+05 1.276674375000000000e+06
9.550544055000001435e+02 4.593216875000000000e+05 1.296065625000000000e+06
9.581806065000000672e+02 -7.411692187500000000e+04 1.322492125000000000e+06
9.613068075000001045e+02 8.000125000000000000e+05 1.328081875000000000e+06
9.644330085000001418e+02 1.053510000000000000e+06 1.296734750000000000e+06
9.675592094999999517e+02 5.479512500000000000e+05 1.311801375000000000e+06
9.706854105000001027e+02 1.013163062500000000e+06 1.269099125000000000e+06
9.738116114999999127e+02 1.786678750000000000e+06 1.239144500000000000e+06
9.769378125000000637e+02 9.564107500000000000e+05 1.241630625000000000e+06
9.800640135000002147e+02 1.297552500000000000e+06 1.207428625000000000e+06
9.831902145000000246e+02 1.634764000000000000e+06 1.182431875000000000e+06
9.863164155000001756e+02 1.101908250000000000e+06 1.181049000000000000e+06
9.894426164999999855e+02 1.020063625000000000e+06 1.159992125000000000e+06
9.925688175000001365e+02 1.115239750000000000e+06 1.143021875000000000e+06
9.956950185000000602e+02 7.406922500000000000e+05 1.138569750000000000e+06
9.988212195000000975e+02 1.078984250000000000e+06 1.131357500000000000e+06
1.001947420500000135e+03 6.391163125000000000e+05 1.147439125000000000e+06
1.005073621500000058e+03 7.624943125000000000e+05 1.126522625000000000e+06
1.008199822500000096e+03 1.048519000000000000e+06 1.152126625000000000e+06
1.011326023499999906e+03 5.251256875000000000e+05 1.145538875000000000e+06
1.014452224500000057e+03 6.137693750000000000e+05 1.128353625000000000e+06
1.017578425500000208e+03 7.171861250000000000e+05 1.165731000000000000e+06
1.020704626500000018e+03 3.717839687500000000e+05 1.177007500000000000e+06
1.023830827500000169e+03 2.714185937500000000e+05 1.177350625000000000e+06
1.026957028499999979e+03 -1.659638593750000000e+05 1.200782125000000000e+06
1.030083229500000016e+03 -3.662753750000000000e+05 1.219696375000000000e+06
1.033209430500000053e+03 -5.732142500000000000e+05 1.198273625000000000e+06
1.036335631500000090e+03 -7.044510000000000000e+05 1.193317625000000000e+06
1.039461832500000128e+03 -1.568183625000000000e+06 1.162539125000000000e+06
1.042588033499999938e+03 -1.100471625000000000e+06 1.137376875000000000e+06
1.045714234500000202e+03 -1.563863875000000000e+06 1.098044125000000000e+06
1.048840435500000012e+03 -1.675398375000000000e+06 1.071129750000000000e+06
1.051966636500000050e+03 -1.400394875000000000e+06 1.049766125000000000e+06
1.055092837500000087e+03 -1.579862250000000000e+06 1.037982687500000000e+06
1.058219038500000124e+03 -1.463137000000000000e+06 1.020719437500000000e+06
1.061345239500000162e+03 -8.574773750000000000e+05 1.015024250000000000e+06
1.064471440499999972e+03 -8.088663750000000000e+05 1.028604937500000000e+06
1.067597641500000009e+03 -2.243940312500000000e+05 1.015869250000000000e+06
1.070723842500000046e+03 2.172221679687500000e+04 1.057457250000000000e+06
1.073850043500000083e+03 -2.931855078125000000e+04 1.049060875000000000e+06
1.076976244500000121e+03 4.754607812500000000e+05 1.048897000000000000e+06
1.080102445499999931e+03 5.250271250000000000e+05 1.069746875000000000e+06
1.083228646500000195e+03 3.349597500000000000e+05 1.056345125000000000e+06
1.086354847500000005e+03 5.474624375000000000e+05 1.039762812500000000e+06
1.089481048500000043e+03 4.028002500000000000e+05 1.045430625000000000e+06
1.092607249500000307e+03 -7.236923437500000000e+04 1.025642312500000000e+06
1.095733450500000117e+03 5.067221875000000000e+04 1.042020312500000000e+06
1.098859651500000155e+03 -2.710220312500000000e+05 1.038554812500000000e+06
1.101985852499999964e+03 -4.193635937500000000e+05 1.024929187500000000e+06
1.105112053500000002e+03 -7.129061875000000000e+05 1.050265375000000000e+06
1.108238254500000039e+03 -4.794219687500000000e+05 1.042021750000000000e+06
1.111364455500000076e+03 -8.011796875000000000e+05 1.059137250000000000e+06
1.114490656500000114e+03 -7.381494375000000000e+05 1.069069625000000000e+06
1.117616857499999924e+03 -5.318801250000000000e+05 1.050138625000000000e+06
1.120743058500000188e+03 -1.062402250000000000e+06 1.085946125000000000e+06
1.123869259499999998e+03 -1.582950875000000000e+06 1.083380500000000000e+06
1.126995460500000036e+03 -1.221689375000000000e+06 1.069050750000000000e+06
1.130121661500000300e+03 -1.682257750000000000e+06 1.132303500000000000e+06
1.133247862500000110e+03 -2.099976750000000000e+06 1.130797625000000000e+06
1.136374063500000148e+03 -1.588890375000000000e+06 1.093583375000000000e+06
1.139500264499999957e+03 -1.877613625000000000e+06 1.147921625000000000e+06
1.142626465499999995e+03 -1.677093000000000000e+06 1.151222250000000000e+06
1.145752666500000032e+03 -7.900516875000000000e+05 1.105959000000000000e+06
1.148878867500000069e+03 -9.070718125000000000e+05 1.162561500000000000e+06
1.152005068500000107e+03 -4.461469375000000000e+05 1.154684875000000000e+06
1.155131269499999917e+03 3.131772187500000000e+05 1.127636500000000000e+06
1.158257470500000181e+03 3.623722500000000000e+05 1.155244375000000000e+06
1.161383671499999991e+03 3.196005312500000000e+05 1.144795250000000000e+06
1.164509872500000029e+03 9.281241250000000000e+05 1.117674500000000000e+06
1.167636073500000293e+03 5.649510625000000000e+05 1.144230875000000000e+06
1.170762274500000103e+03 4.910730000000000000e+05 1.117204750000000000e+06
1.173888475500000141e+03 1.394302625000000000e+06 1.112770500000000000e+06
1.177014676499999950e+03 9.229855000000000000e+05 1.120358625000000000e+06
1.180140877499999988e+03 1.338342500000000000e+06 1.091454500000000000e+06
1.183267078500000025e+03 2.085217000000000000e+06 1.084760000000000000e+06
1.186393279500000062e+03 1.983539875000000000e+06 1.098070000000000000e+06
1.189519480500000100e+03 1.936028750000000000e+06 1.075248375000000000e+06
1.192645681499999910e+03 2.898886750000000000e+06 1.064490375000000000e+06
1.195771882500000174e+03 2.471534250000000000e+06 1.099112000000000000e+06
1.198898083499999984e+03 2.288176250000000000e+06 1.089856250000000000e+06
1.202024284500000022e+03 3.033083750000000000e+06 1.103792500000000000e+06
1.205150485500000286e+03 2.392860750000000000e+06 1.119887875000000000e+06
1.208276686500000096e+03 2.458927250000000000e+06 1.123759250000000000e+06
1.211402887500000134e+03 2.733263250000000000e+06 1.123073500000000000e+06
1.214529088499999943e+03 2.426647000000000000e+06 1.115770625000000000e+06
1.217655289500000208e+03 2.309080750000000000e+06 1.120165625000000000e+06
1.220781490500000245e+03 2.576991250000000000e+06 1.097304250000000000e+06
1.223907691500000055e+03 2.891437500000000000e+06 1.076176250000000000e+06
1.227033892500000093e+03 2.474803250000000000e+06 1.076978500000000000e+06
1.230160093499999903e+03 2.738478000000000000e+06 1.057291875000000000e+06
1.233286294500000167e+03 3.150265750000000000e+06 1.027329375000000000e+06
1.236412495500000205e+03 2.894549000000000000e+06 1.030785625000000000e+06
1.239538696500000015e+03 3.085402500000000000e+06 1.025755937500000000e+06
1.242664897500000279e+03 3.235896750000000000e+06 9.771426875000000000e+05
1.245791098500000089e+03 3.226089750000000000e+06 9.747525000000000000e+05
1.248917299500000126e+03 2.654856250000000000e+06 9.730270000000000000e+05
1.252043500499999936e+03 2.531568250000000000e+06 9.447147500000000000e+05
1.255169701500000201e+03 2.565348250000000000e+06 9.381764375000000000e+05
1.258295902500000238e+03 1.897881625000000000e+06 9.399945625000000000e+05
1.261422103500000048e+03 1.637988250000000000e+06 9.245721875000000000e+05
1.264548304500000086e+03 1.710666250000000000e+06 9.213275000000000000e+05
1.267674505499999896e+03 1.403035750000000000e+06 9.257893125000000000e+05
1.270800706500000160e+03 6.094874375000000000e+05 9.169688125000000000e+05
1.273926907500000198e+03 1.119937750000000000e+06 9.131666875000000000e+05
1.277053108500000008e+03 1.199677750000000000e+06 9.024354375000000000e+05
1.280179309500000272e+03 3.921463750000000000e+05 8.987991875000000000e+05
1.283305510500000082e+03 8.131822500000000000e+05 9.214277500000000000e+05
1.286431711500000119e+03 1.215300625000000000e+06 9.020131250000000000e+05
1.289557912499999929e+03 5.112379375000000000e+05 9.512063750000000000e+05
1.292684113500000194e+03 1.273590250000000000e+06 9.803838125000000000e+05
1.295810314500000231e+03 1.636943000000000000e+06 9.619477500000000000e+05
1.298936515500000041e+03 8.731524375000000000e+05 1.016302312500000000e+06
1.302062716500000079e+03 1.319801250000000000e+06 1.035424625000000000e+06
1.305188917500000116e+03 1.622445875000000000e+06 1.024956000000000000e+06
1.308315118500000153e+03 8.574461875000000000e+05 1.060444000000000000e+06
1.311441319500000191e+03 1.288783250000000000e+06 1.067688250000000000e+06
1.314567520500000001e+03 9.470863750000000000e+05 1.078041375000000000e+06
1.317693721499999810e+03 4.838094687500000000e+05 1.072426250000000000e+06
1.320819922500000075e+03 3.189955312500000000e+05 1.052219125000000000e+06
1.323946123500000112e+03 -1.034456562500000000e+05 1.046499375000000000e+06
1.327072324500000377e+03 -4.022075312500000000e+05 1.010555437500000000e+06
1.330198525500000187e+03 -5.751146250000000000e+05 9.886622500000000000e+05
1.333324726499999997e+03 -1.182377250000000000e+06 9.873763750000000000e+05
1.336450927500000034e+03 -1.202359750000000000e+06 9.608704375000000000e+05
1.339577128500000072e+03 -1.312543500000000000e+06 9.799899375000000000e+05
1.342703329500000336e+03 -1.528093250000000000e+06 9.786161250000000000e+05
1.345829530500000146e+03 -1.479463500000000000e+06 9.676537500000000000e+05
1.348955731499999956e+03 -1.275664750000000000e+06 9.781774375000000000e+05
1.352081932499999994e+03 -1.082608625000000000e+06 9.796905000000000000e+05
1.355208133500000258e+03 -9.508441875000000000e+05 9.686313125000000000e+05
1.358334334500000068e+03 -3.926153125000000000e+05 9.652632500000000000e+05
1.361460535500000105e+03 -4.794912812500000000e+05 9.743908750000000000e+05
1.364586736499999915e+03 -1.528845937500000000e+05 9.697860000000000000e+05
1.367712937500000180e+03 1.469925937500000000e+05 9.632891875000000000e+05
1.370839138500000217e+03 2.630526250000000000e+05 9.756500000000000000e+05
1.373965339500000027e+03 2.707499375000000000e+05 9.720838125000000000e+05
1.377091540500000065e+03 5.494958750000000000e+05 9.759154375000000000e+05
1.380217741500000102e+03 3.971421250000000000e+05 9.817596875000000000e+05
1.383343942500000139e+03 1.342187207031250000e+04 9.763365000000000000e+05
1.386470143500000177e+03 3.608960000000000000e+05 9.797933125000000000e+05
1.389596344499999987e+03 9.544445312500000000e+04 9.751419375000000000e+05
1.392722545500000024e+03 -4.337699375000000000e+05 9.749081250000000000e+05
1.395848746500000061e+03 -6.272571250000000000e+05 9.621648125000000000e+05
1.398974947500000098e+03 -3.574330000000000000e+05 9.620903750000000000e+05
1.402101148500000363e+03 -1.085212750000000000e+06 9.719005625000000000e+05
1.405227349500000173e+03 -7.246710000000000000e+05 9.702518125000000000e+05
1.408353550499999983e+03 -5.548973750000000000e+05 9.668955625000000000e+05
1.411479751500000020e+03 -9.036683750000000000e+05 9.648606250000000000e+05
1.414605952500000285e+03 -3.265912812500000000e+05 9.738596250000000000e+05
1.417732153500000322e+03 2.098839687500000000e+05 9.611437500000000000e+05
1.420858354500000132e+03 4.473578515625000000e+04 9.639075000000000000e+05
1.423984555499999942e+03 3.004461875000000000e+05 9.797087500000000000e+05
1.427110756499999979e+03 7.862235625000000000e+05 9.596229375000000000e+05
1.430236957500000244e+03 2.989439375000000000e+05 9.833744375000000000e+05
1.433363158500000054e+03 2.718600625000000000e+05 9.932716250000000000e+05
1.436489359500000091e+03 4.329117187500000000e+05 9.726430000000000000e+05
1.439615560499999901e+03 -1.046988984375000000e+05 9.666690000000000000e+05
1.442741761500000166e+03 -6.426717500000000000e+05 9.660778125000000000e+05
1.445867962500000203e+03 -3.451636718750000000e+04 9.363494375000000000e+05
1.448994163500000013e+03 -9.042963750000000000e+05 9.512391875000000000e+05
1.452120364500000278e+03 -8.035330000000000000e+05 9.522673125000000000e+05
1.455246565500000088e+03 -8.403894375000000000e+05 9.536398125000000000e+05
1.458372766500000125e+03 -9.138685625000000000e+05 9.508588125000000000e+05
1.461498967500000163e+03 -1.101734500000000000e+06 9.642603750000000000e+05
1.464625168499999972e+03 -4.004921562500000000e+05 9.559155625000000000e+05
1.467751369500000010e+03 -6.356717500000000000e+05 9.498405000000000000e+05
1.470877570500000047e+03 -3.788207500000000000e+05 9.436083750000000000e+05
1.474003771500000084e+03 1.155543828125000000e+05 9.655560625000000000e+05
1.477129972500000349e+03 7.619583593750000000e+04 9.476152500000000000e+05
1.480256173500000159e+03 4.461797187500000000e+05 9.670552500000000000e+05
1.483382374499999969e+03 1.026646312500000000e+06 9.947992500000000000e+05
1.486508575500000006e+03 1.103901250000000000e+06 9.799962500000000000e+05
1.489634776500000271e+03 1.117670000000000000e+06 1.014045562500000000e+06
1.492760977500000308e+03 1.513822000000000000e+06 1.028979187500000000e+06
1.495887178500000118e+03 1.266811500000000000e+06 1.031301437500000000e+06
1.499013379499999928e+03 1.284405625000000000e+06 1.047825500000000000e+06
1.502139580500000193e+03 1.549578875000000000e+06 1.047083625000000000e+06
1.505265781500000230e+03 1.202892750000000000e+06 1.048800500000000000e+06
1.508391982500000040e+03 1.199991375000000000e+06 1.037528625000000000e+06
1.511518183500000077e+03 1.426684250000000000e+06 1.028147687500000000e+06
1.514644384499999887e+03 1.066668625000000000e+06 1.012226625000000000e+06
1.517770585500000152e+03 1.416659375000000000e+06 1.003428062500000000e+06
1.520896786500000189e+03 1.789146000000000000e+06 9.863063125000000000e+05
1.524022987499999999e+03 1.439365750000000000e+06 9.770160625000000000e+05
1.527149188500000264e+03 1.935551250000000000e+06 9.687081875000000000e+05
1.530275389500000074e+03 1.947191750000000000e+06 9.700688125000000000e+05
1.533401590500000111e+03 1.690634375000000000e+06 9.641299375000000000e+05
1.536527791500000149e+03 1.667007875000000000e+06 9.607964375000000000e+05
1.539653992500000186e+03 1.820072750000000000e+06 9.757553750000000000e+05
1.542780193499999996e+03 9.529077500000000000e+05 9.643014375000000000e+05
1.545906394500000033e+03 1.165868375000000000e+06 9.584093125000000000e+05
1.549032595500000070e+03 1.005457500000000000e+06 9.537392500000000000e+05
1.552158796500000335e+03 6.244946875000000000e+05 9.431707500000000000e+05
1.555284997500000145e+03 8.564370000000000000e+05 9.362855625000000000e+05
1.558411198499999955e+03 7.009705625000000000e+05 9.548006875000000000e+05
1.561537399499999992e+03 8.436161250000000000e+05 9.405460625000000000e+05
1.564663600500000257e+03 8.463364375000000000e+05 9.617466250000000000e+05
1.567789801500000294e+03 1.301073250000000000e+06 9.635277500000000000e+05
1.570916002500000104e+03 1.346774000000000000e+06 9.779266250000000000e+05
1.574042203499999914e+03 1.555590000000000000e+06 9.802500000000000000e+05
1.577168404500000179e+03 1.666588750000000000e+06 9.742188750000000000e+05
1.580294605500000216e+03 1.341060000000000000e+06 9.734715625000000000e+05
1.583420806500000026e+03 1.280202250000000000e+06 9.591345000000000000e+05
1.586547007500000063e+03 1.083483500000000000e+06 9.497427500000000000e+05
1.589673208500000101e+03 6.855595625000000000e+05 9.469323750000000000e+05
1.592799409500000138e+03 1.075648437500000000e+05 9.208953750000000000e+05
1.595925610500000175e+03 -1.249423359375000000e+05 9.161046875000000000e+05
1.599051811499999985e+03 -4.353812812500000000e+05 9.093100000000000000e+05
1.602178012500000250e+03 -5.796656250000000000e+05 9.059761875000000000e+05
1.605304213500000060e+03 -8.931880625000000000e+05 9.021830000000000000e+05
1.608430414500000097e+03 -6.559344375000000000e+05 9.121062500000000000e+05
1.611556615500000362e+03 -9.672306250000000000e+05 9.293042500000000000e+05
1.614682816500000172e+03 -1.116582750000000000e+06 9.133354375000000000e+05
1.617809017500000209e+03 -5.228891250000000000e+05 9.298716250000000000e+05
1.620935218500000019e+03 -1.063970625000000000e+06 9.273619375000000000e+05
1.624061419500000056e+03 -7.550869375000000000e+05 9.268808750000000000e+05
1.627187620500000321e+03 -7.389159375000000000e+05 9.408279375000000000e+05
1.630313821500000131e+03 -1.119354250000000000e+06 9.392616875000000000e+05
1.633440022499999941e+03 -1.190069000000000000e+06 9.208145000000000000e+05
1.636566223499999978e+03 -1.373858875000000000e+06 9.362019375000000000e+05
1.639692424500000243e+03 -1.609879250000000000e+06 9.109387500000000000e+05
1.642818625500000280e+03 -1.515159500000000000e+06 9.005123750000000000e+05
1.645944826500000090e+03 -1.656827125000000000e+06 9.002088750000000000e+05
1.649071027499999900e+03 -1.776853500000000000e+06 8.788897500000000000e+05
1.652197228500000165e+03 -1.780460375000000000e+06 8.761015625000000000e+05
1.655323429500000202e+03 -1.838956000000000000e+06 8.688776875000000000e+05
1.658449630500000239e+03 -2.117134250000000000e+06 8.667732500000000000e+05
1.661575831500000049e+03 -2.124233500000000000e+06 8.746213125000000000e+05
1.664702032500000087e+03 -2.387197250000000000e+06 8.734165000000000000e+05
1.667828233500000124e+03 -2.069713625000000000e+06 8.768791875000000000e+05
1.670954434500000161e+03 -2.333834500000000000e+06 8.797821250000000000e+05
1.674080635499999971e+03 -2.313216000000000000e+06 8.928488125000000000e+05
1.677206836500000236e+03 -1.889163250000000000e+06 8.950219375000000000e+05
1.680333037500000046e+03 -1.798783625000000000e+06 8.961760000000000000e+05
1.683459238500000083e+03 -1.694850250000000000e+06 9.037831875000000000e+05
1.686585439500000348e+03 -8.901317500000000000e+05 9.097582500000000000e+05
1.689711640500000158e+03 -7.813718750000000000e+05 8.920943750000000000e+05
1.692837841500000195e+03 -5.400838750000000000e+05 8.977617500000000000e+05
1.695964042500000005e+03 -7.494413281250000000e+04 8.984700000000000000e+05
1.699090243500000042e+03 9.668000000000000000e+04 8.999014375000000000e+05
1.702216444500000307e+03 1.459594843750000000e+05 9.103666875000000000e+05
1.705342645500000117e+03 2.386221562500000000e+05 9.096345625000000000e+05
1.708468846499999927e+03 1.215834843750000000e+05 9.137604375000000000e+05
1.711595047499999964e+03 -9.084923437500000000e+04 9.225601250000000000e+05
1.714721248500000229e+03 -9.471639843750000000e+04 9.055912500000000000e+05
1.717847449500000266e+03 -3.782870937500000000e+05 9.099270000000000000e+05
1.720973650500000076e+03 -5.723546875000000000e+05 9.073172500000000000e+05
1.724099851499999886e+03 -2.969023437500000000e+05 9.086013750000000000e+05
1.727226052500000151e+03 -8.916911875000000000e+05 9.074904375000000000e+05
1.730352253500000188e+03 -5.703125000000000000e+05 9.136036250000000000e+05
1.733478454500000225e+03 -2.589332968750000000e+05 9.070016875000000000e+05
1.736604655500000263e+03 -2.779410312500000000e+05 9.019510625000000000e+05
1.739730856500000073e+03 -6.548660156250000000e+04 9.076189375000000000e+05
1.742857057500000110e+03 2.561518593750000000e+05 9.149443750000000000e+05
1.745983258500000147e+03 2.753569687500000000e+05 8.976341875000000000e+05
1.749109459499999957e+03 7.167678750000000000e+05 9.095671875000000000e+05
1.752235660500000222e+03 5.208577812500000000e+05 9.243324375000000000e+05
1.755361861500000032e+03 7.324135000000000000e+05 9.197298750000000000e+05
1.758488062500000069e+03 1.031444500000000000e+06 9.317341875000000000e+05
1.761614263500000334e+03 7.444810000000000000e+05 9.434771875000000000e+05
1.764740464500000144e+03 5.939460625000000000e+05 9.272814375000000000e+05
1.767866665500000181e+03 1.305666000000000000e+06 9.178735625000000000e+05
1.770992866499999991e+03 4.488494375000000000e+05 9.128196875000000000e+05
1.774119067500000256e+03 6.019442500000000000e+05 8.960232500000000000e+05
1.777245268500000293e+03 1.125570750000000000e+06 8.693699375000000000e+05
1.780371469500000103e+03 2.884192187500000000e+05 8.641677500000000000e+05
1.783497670499999913e+03 -1.806362890625000000e+04 8.617166875000000000e+05
1.786623871499999950e+03 4.602807812500000000e+05 8.476810000000000000e+05
1.789750072500000215e+03 -1.369188281250000000e+05 8.637031250000000000e+05
1.792876273500000252e+03 -3.227434687500000000e+05 8.681919375000000000e+05
1.796002474500000062e+03 -1.259128671875000000e+05 8.941015000000000000e+05
1.799128675499999872e+03 -3.306468125000000000e+05 9.104569375000000000e+05
1.802254876500000137e+03 -6.821943125000000000e+05 9.287192500000000000e+05
1.805381077500000174e+03 -1.699731875000000000e+05 9.499007500000000000e+05
1.808507278500000211e+03 -2.818128750000000000e+05 9.492821250000000000e+05
1.811633479500000249e+03 -1.079420703125000000e+04 9.579071250000000000e+05
1.814759680500000059e+03 3.949395937500000000e+05 9.444351250000000000e+05
1.817885881500000096e+03 3.504935000000000000e+05 9.397103750000000000e+05
1.821012082500000133e+03 3.276912500000000000e+05 9.364357500000000000e+05
1.824138283500000171e+03 7.374928125000000000e+05 9.152526875000000000e+05
1.827264484500000208e+03 4.006540312500000000e+05 8.969457500000000000e+05
1.830390685500000018e+03 5.584466406250000000e+04 8.937471250000000000e+05
1.833516886500000055e+03 -2.295209218750000000e+05 8.838873750000000000e+05
1.836643087500000320e+03 -4.656318437500000000e+05 8.687161875000000000e+05
1.839769288500000130e+03 -9.465201875000000000e+05 8.715830000000000000e+05
1.842895489500000167e+03 -1.218808250000000000e+06 8.814699375000000000e+05
1.846021690499999977e+03 -1.219999125000000000e+06 8.679441250000000000e+05
1.849147891500000242e+03 -1.261063375000000000e+06 8.841372500000000000e+05
1.852274092500000279e+03 -9.728326250000000000e+05 8.923186875000000000e+05
1.855400293500000089e+03 -7.254371875000000000e+05 8.695437500000000000e+05
1.858526494499999899e+03 -2.878140312500000000e+05 8.952346875000000000e+05
1.861652695500000164e+03 8.776731445312500000e+03 8.904311250000000000e+05
1.864778896500000201e+03 4.981065937500000000e+05 8.774510000000000000e+05
1.867905097500000238e+03 9.158875625000000000e+05 8.982352500000000000e+05
1.871031298500000048e+03 1.359069000000000000e+06 9.053617500000000000e+05
1.874157499499999858e+03 1.337669500000000000e+06 8.860573125000000000e+05
1.877283700500000123e+03 1.834131375000000000e+06 9.143024375000000000e+05
1.880409901500000160e+03 1.897453125000000000e+06 9.031430000000000000e+05
1.883536102500000425e+03 1.592501625000000000e+06 8.854200625000000000e+05
1.886662303500000235e+03 1.896895250000000000e+06 9.101835625000000000e+05
1.889788504500000045e+03 1.408892750000000000e+06 8.973595625000000000e+05
1.892914705500000082e+03 1.091178375000000000e+06 8.785575000000000000e+05
1.896040906500000119e+03 1.067848875000000000e+06 9.015087500000000000e+05
1.899167107500000157e+03 6.717808125000000000e+05 8.877650000000000000e+05
1.902293308500000194e+03 4.820459375000000000e+05 8.845283125000000000e+05
1.905419509500000004e+03 2.739060625000000000e+05 8.997216875000000000e+05
1.908545710500000041e+03 1.079477421875000000e+05 9.112765000000000000e+05
1.911671911500000306e+03 -3.421604296875000000e+04 9.089225625000000000e+05
1.914798112500000116e+03 -1.977955156250000000e+05 9.199595000000000000e+05
1.917924313500000153e+03 -4.597145312500000000e+05 9.115388750000000000e+05
1.921050514499999963e+03 -4.984584375000000000e+05 9.267005625000000000e+05
1.924176715500000228e+03 -8.623161250000000000e+05 9.097057500000000000e+05
1.927302916500000265e+03 -1.171753000000000000e+06 9.212526875000000000e+05
1.930429117500000075e+03 -1.394601125000000000e+06 9.218508750000000000e+05
1.933555318499999885e+03 -1.585955500000000000e+06 9.148081250000000000e+05
1.936681519500000149e+03 -1.751274500000000000e+06 9.188065000000000000e+05
1.939807720500000187e+03 -1.718862000000000000e+06 9.108193125000000000e+05
1.942933921500000224e+03 -1.733888000000000000e+06 9.029865625000000000e+05
1.946060122500000034e+03 -1.561184000000000000e+06 8.912943750000000000e+05
1.949186323500000071e+03 -1.437691875000000000e+06 8.754390625000000000e+05
1.952312524500000109e+03 -1.524467625000000000e+06 8.640454375000000000e+05
1.955438725500000146e+03 -1.029253750000000000e+06 8.583118750000000000e+05
1.958564926500000411e+03 -1.072828750000000000e+06 8.467425000000000000e+05
1.961691127500000221e+03 -1.401894125000000000e+06 8.562751250000000000e+05
1.964817328500000031e+03 -1.065731125000000000e+06 8.453599375000000000e+05
1.967943529500000068e+03 -1.336821875000000000e+06 8.581830000000000000e+05
1.971069730500000333e+03 -1.349619750000000000e+06 8.453507500000000000e+05
1.974195931500000142e+03 -1.422210375000000000e+06 8.369318125000000000e+05
1.977322132500000180e+03 -1.364636375000000000e+06 8.436149375000000000e+05
1.980448333499999990e+03 -1.696386500000000000e+06 8.263245000000000000e+05
1.983574534500000027e+03 -1.423504875000000000e+06 8.338623125000000000e+05
1.986700735500000292e+03 -1.338306250000000000e+06 8.402348750000000000e+05
1.989826936500000102e+03 -1.188055250000000000e+06 8.223921250000000000e+05
1.992953137500000139e+03 -1.021737375000000000e+06 8.297346250000000000e+05
1.996079338499999949e+03 -7.176275625000000000e+05 8.407961875000000000e+05
1.999205539500000214e+03 -5.227231250000000000e+05 8.185681875000000000e+05
2.002331740500000251e+03 -3.056449375000000000e+05 8.354644375000000000e+05
2.005457941500000061e+03 -7.096551562500000000e+04 8.406136875000000000e+05
2.008584142500000326e+03 6.800620312500000000e+04 8.293183750000000000e+05
2.011710343500000135e+03 4.452127343750000000e+04 8.456604375000000000e+05
2.014836544500000173e+03 4.286503750000000000e+05 8.559089375000000000e+05
2.017962745500000210e+03 1.906827812500000000e+05 8.483817500000000000e+05
2.021088946500000247e+03 2.237107656250000000e+05 8.518057500000000000e+05
2.024215147500000057e+03 3.593032187500000000e+05 8.351463125000000000e+05
2.027341348500000095e+03 1.081793906250000000e+05 8.225635625000000000e+05
2.030467549500000132e+03 1.594015468750000000e+05 8.241477500000000000e+05
2.033593750500000397e+03 2.170955468750000000e+05 8.237053750000000000e+05
2.036719951500000207e+03 -1.553030781250000000e+05 8.332904375000000000e+05
2.039846152500000017e+03 -9.764576562500000000e+04 8.589848750000000000e+05
2.042972353500000054e+03 -5.750552734375000000e+04 8.651309375000000000e+05
2.046098554500000319e+03 -9.668371875000000000e+04 9.027668750000000000e+05
2.049224755500000356e+03 -1.713053281250000000e+05 9.102276250000000000e+05
2.052350956500000393e+03 -2.210167656250000000e+05 9.080788750000000000e+05
2.055477157499999976e+03 5.782714453125000000e+04 9.243707500000000000e+05
2.058603358500000013e+03 -1.420604687500000000e+05 9.021154375000000000e+05
2.061729559500000050e+03 -1.516853750000000000e+05 8.907058125000000000e+05
2.064855760500000088e+03 6.321708984375000000e+04 8.834515000000000000e+05
2.067981961500000125e+03 -7.743932128906250000e+03 8.477840625000000000e+05
2.071108162500000162e+03 1.719993906250000000e+05 8.477886250000000000e+05
2.074234363500000200e+03 -1.252149609375000000e+04 8.372386250000000000e+05
2.077360564500000237e+03 -3.067281875000000000e+05 8.304380000000000000e+05
2.080486765500000274e+03 -3.830113125000000000e+05 8.452508125000000000e+05
2.083612966500000311e+03 -8.971250625000000000e+05 8.375518125000000000e+05
2.086739167499999894e+03 -1.142549125000000000e+06 8.290050625000000000e+05
2.089865368500000386e+03 -1.391541500000000000e+06 8.406731250000000000e+05
2.092991569500000423e+03 -2.141020250000000000e+06 8.326646250000000000e+05
2.096117770500000006e+03 -2.309855500000000000e+06 8.313972500000000000e+05
2.099243971500000043e+03 -2.824326000000000000e+06 8.304328125000000000e+05
2.102370172500000081e+03 -2.792980250000000000e+06 8.192856250000000000e+05
2.105496373500000118e+03 -3.021109000000000000e+06 8.194945625000000000e+05
2.108622574500000155e+03 -3.269925500000000000e+06 8.180037500000000000e+05
2.111748775500000193e+03 -2.991957000000000000e+06 8.121925000000000000e+05
2.114874976499999775e+03 -2.926429750000000000e+06 8.190276250000000000e+05
2.118001177500000267e+03 -2.775934500000000000e+06 8.012293125000000000e+05
2.121127378500000304e+03 -2.408494750000000000e+06 8.070643125000000000e+05
2.124253579500000342e+03 -2.238234750000000000e+06 8.094106875000000000e+05
2.127379780500000379e+03 -2.048345000000000000e+06 8.036968750000000000e+05
2.130505981499999962e+03 -1.614213125000000000e+06 8.126729375000000000e+05
2.133632182499999999e+03 -1.631262000000000000e+06 8.329426875000000000e+05
2.136758383500000036e+03 -1.402404625000000000e+06 8.366441875000000000e+05
2.139884584500000074e+03 -1.040724500000000000e+06 8.500251250000000000e+05
2.143010785500000111e+03 -1.437908750000000000e+06 8.704565000000000000e+05
2.146136986500000148e+03 -9.524920625000000000e+05 8.833692500000000000e+05
2.149263187500000186e+03 -9.392216875000000000e+05 8.893821250000000000e+05
2.152389388500000223e+03 -7.187007500000000000e+05 9.005585000000000000e+05
2.155515589500000260e+03 -5.243019375000000000e+05 8.954372500000000000e+05
2.158641790500000297e+03 3.716683984375000000e+04 8.911604375000000000e+05
2.161767991499999880e+03 1.588617968750000000e+04 8.768903125000000000e+05
2.164894192500000372e+03 5.357581875000000000e+05 8.602314375000000000e+05
2.168020393500000409e+03 8.336921250000000000e+05 8.482175000000000000e+05
2.171146594499999992e+03 1.102854875000000000e+06 8.213386875000000000e+05
2.174272795500000029e+03 1.217590750000000000e+06 8.216829375000000000e+05
2.177398996500000067e+03 1.080663875000000000e+06 8.119475625000000000e+05
2.180525197500000104e+03 1.346561000000000000e+06 8.030019375000000000e+05
2.183651398500000141e+03 7.912035625000000000e+05 8.133760625000000000e+05
2.186777599500000179e+03 7.905210625000000000e+05 8.044681875000000000e+05
2.189903800500000216e+03 5.702316250000000000e+05 8.079830625000000000e+05
2.193030001500000253e+03 -8.618577343750000000e+04 8.089631875000000000e+05
2.196156202500000290e+03 -3.742289062500000000e+05 8.143152500000000000e+05
2.199282403500000328e+03 -4.823023125000000000e+05 8.118908750000000000e+05
2.202408604500000365e+03 -9.958008125000000000e+05 7.993183750000000000e+05
2.205534805499999948e+03 -1.017341875000000000e+06 8.027282500000000000e+05
2.208661006499999985e+03 -1.222934250000000000e+06 8.032570000000000000e+05
2.211787207500000477e+03 -1.621044375000000000e+06 7.873488750000000000e+05
2.214913408500000060e+03 -1.576607250000000000e+06 7.816548750000000000e+05
2.218039609500000097e+03 -1.850323500000000000e+06 7.775488750000000000e+05
2.221165810500000134e+03 -1.689463875000000000e+06 7.755955625000000000e+05
2.224292011500000172e+03 -1.796658500000000000e+06 7.765018750000000000e+05
2.227418212500000209e+03 -2.031495500000000000e+06 7.746229375000000000e+05
2.230544413500000246e+03 -1.784258625000000000e+06 7.843426875000000000e+05
2.233670614500000283e+03 -1.539040375000000000e+06 8.032413125000000000e+05
2.236796815499999866e+03 -1.742879250000000000e+06 8.008724375000000000e+05
2.239923016500000358e+03 -1.532874500000000000e+06 8.160798750000000000e+05
2.243049217500000395e+03 -1.328322875000000000e+06 8.181304375000000000e+05
2.246175418499999978e+03 -1.561463750000000000e+06 8.061446250000000000e+05
2.249301619500000015e+03 -1.181956125000000000e+06 8.125345625000000000e+05
2.252427820500000053e+03 -1.131352500000000000e+06 8.097730000000000000e+05
2.255554021500000090e+03 -1.290743875000000000e+06 7.896024375000000000e+05
2.258680222500000127e+03 -1.319564750000000000e+06 7.982541875000000000e+05
2.261806423500000164e+03 -9.591461875000000000e+05 7.959577500000000000e+05
2.264932624500000202e+03 -1.181961000000000000e+06 7.795484375000000000e+05
2.268058825500000239e+03 -7.268710000000000000e+05 7.912070000000000000e+05
2.271185026500000276e+03 -9.568236250000000000e+05 7.780315000000000000e+05
2.274311227500000314e+03 -7.809860625000000000e+05 7.728745625000000000e+05
2.277437428500000351e+03 -5.631291875000000000e+05 7.760689375000000000e+05
2.280563629499999934e+03 -6.614505625000000000e+05 7.802597500000000000e+05
2.283689830499999971e+03 -7.136534375000000000e+05 7.705060625000000000e+05
2.286816031500000463e+03 -1.380607812500000000e+05 7.952789375000000000e+05
2.289942232500000046e+03 -4.173548125000000000e+05 7.853828750000000000e+05
2.293068433500000083e+03 -2.844555312500000000e+05 7.908983125000000000e+05
2.296194634500000120e+03 1.495800468750000000e+05 8.028393750000000000e+05
2.299320835500000157e+03 -1.871717343750000000e+05 7.953163125000000000e+05
2.302447036500000195e+03 -2.595771250000000000e+05 8.096755625000000000e+05
2.305573237500000232e+03 2.602414062500000000e+05 8.109541250000000000e+05
2.308699438500000269e+03 -2.173251406250000000e+05 8.129178125000000000e+05
2.311825639499999852e+03 -1.570179218750000000e+05 8.316082500000000000e+05
2.314951840500000344e+03 1.583267500000000000e+05 8.283534375000000000e+05
2.318078041500000381e+03 -2.938041250000000000e+05 8.295511250000000000e+05
2.321204242499999964e+03 -2.918341562500000000e+05 8.359525625000000000e+05
2.324330443500000001e+03 1.038996796875000000e+05 8.146031250000000000e+05
2.327456644500000039e+03 -3.686854375000000000e+05 8.332526875000000000e+05
2.330582845500000076e+03 -2.975347070312500000e+04 8.222884375000000000e+05
2.333709046500000113e+03 3.641106562500000000e+05 8.018393125000000000e+05
2.336835247500000150e+03 -2.838591406250000000e+04 8.167189375000000000e+05
2.339961448500000188e+03 2.312628593750000000e+05 8.051936875000000000e+05
2.343087649500000225e+03 6.789307500000000000e+05 7.783498125000000000e+05
2.346213850500000262e+03 1.009884921875000000e+05 7.983297500000000000e+05
2.349340051500000300e+03 5.972686250000000000e+05 7.824321875000000000e+05
2.352466252500000337e+03 5.787667500000000000e+05 7.684482500000000000e+05
2.355592453499999920e+03 8.357203906250000000e+04 7.847098125000000000e+05
2.358718654499999957e+03 4.253178125000000000e+05 7.713990000000000000e+05
2.361844855500000449e+03 2.171190625000000000e+05 7.775888125000000000e+05
2.364971056500000032e+03 -3.775909765625000000e+04 7.809645625000000000e+05
2.368097257500000069e+03 7.653349218750000000e+04 7.767896875000000000e+05
2.371223458500000106e+03 -9.118179687500000000e+04 7.787641250000000000e+05
2.374349659500000143e+03 -2.001619375000000000e+05 7.822956875000000000e+05
2.377475860500000181e+03 -2.718791875000000000e+05 7.746963125000000000e+05
2.380602061500000218e+03 -4.852202812500000000e+05 7.844475625000000000e+05
2.383728262500000255e+03 -4.911266562500000000e+05 7.807824375000000000e+05
2.386854463500000293e+03 -5.460253125000000000e+05 7.805090000000000000e+05
2.389980664500000330e+03 -6.882671250000000000e+05 7.780890625000000000e+05
2.393106865500000367e+03 -6.769031250000000000e+05 7.737474375000000000e+05
2.396233066499999950e+03 -7.510453125000000000e+05 7.604643750000000000e+05
2.399359267499999987e+03 -8.657851875000000000e+05 7.558456250000000000e+05
2.402485468500000025e+03 -9.183977500000000000e+05 7.404523750000000000e+05
2.405611669500000062e+03 -1.140421250000000000e+06 7.456648125000000000e+05
2.408737870500000554e+03 -1.061320000000000000e+06 7.406960625000000000e+05
2.411864071500000136e+03 -1.223259250000000000e+06 7.309066875000000000e+05
2.414990272500000174e+03 -1.204837750000000000e+06 7.480413125000000000e+05
2.418116473500000211e+03 -1.131818500000000000e+06 7.536396250000000000e+05
2.421242674500000248e+03 -1.181311250000000000e+06 7.621681250000000000e+05
2.424368875500000286e+03 -9.333133125000000000e+05 7.643201250000000000e+05
2.427495076500000323e+03 -7.015616875000000000e+05 7.781349375000000000e+05
2.430621277499999906e+03 -7.347389375000000000e+05 7.774811250000000000e+05
2.433747478499999943e+03 -3.961725312500000000e+05 7.819968125000000000e+05
2.436873679500000435e+03 -2.897067187500000000e+05 7.852284375000000000e+05
2.439999880500000472e+03 -1.004910546875000000e+05 7.919226250000000000e+05
2.443126081500000055e+03 -1.211847500000000000e+05 7.875665000000000000e+05
2.446252282500000092e+03 -7.997507812500000000e+04 7.904075625000000000e+05
2.449378483500000129e+03 -5.091866796875000000e+04 7.887531875000000000e+05
2.452504684500000167e+03 -2.130088906250000000e+05 7.867528750000000000e+05
2.455630885500000204e+03 -2.148304062500000000e+05 7.770748750000000000e+05
2.458757086500000241e+03 -1.540602031250000000e+05 7.718851875000000000e+05
2.461883287500000279e+03 -3.639239062500000000e+05 7.623543125000000000e+05
2.465009488500000316e+03 -1.472112500000000000e+05 7.492285625000000000e+05
2.468135689500000353e+03 -2.034510312500000000e+05 7.480099375000000000e+05
2.471261890499999936e+03 -4.788047500000000000e+05 7.280317500000000000e+05
2.474388091500000428e+03 -1.176603203125000000e+05 7.238294375000000000e+05
2.477514292500000010e+03 -5.821135546875000000e+04 7.264358125000000000e+05
2.480640493500000048e+03 -4.721933750000000000e+05 7.190340625000000000e+05
2.483766694500000540e+03 -6.864467187500000000e+04 7.306711875000000000e+05
2.486892895500000122e+03 2.194953125000000000e+05 7.211341875000000000e+05
2.490019096500000160e+03 -1.190727187500000000e+05 7.325528125000000000e+05
2.493145297500000197e+03 6.821253906250000000e+04 7.482553750000000000e+05
2.496271498500000234e+03 4.850394062500000000e+05 7.320185000000000000e+05
2.499397699500000272e+03 4.530098750000000000e+05 7.537940625000000000e+05
2.502523900500000309e+03 4.610054375000000000e+05 7.586506875000000000e+05
2.505650101499999892e+03 6.127770000000000000e+05 7.485891250000000000e+05
2.508776302499999929e+03 5.716038750000000000e+05 7.567010625000000000e+05
2.511902503500000421e+03 4.090464375000000000e+05 7.631041875000000000e+05
2.515028704500000458e+03 7.444465625000000000e+05 7.506966875000000000e+05
2.518154905500000041e+03 7.090218125000000000e+05 7.532053750000000000e+05
2.521281106500000078e+03 7.263579375000000000e+05 7.525666875000000000e+05
2.524407307500000115e+03 9.281055625000000000e+05 7.414396250000000000e+05
2.527533508500000153e+03 1.162819625000000000e+06 7.443711250000000000e+05
2.530659709500000190e+03 1.293486250000000000e+06 7.373082500000000000e+05
2.533785910500000227e+03 1.406814875000000000e+06 7.419225000000000000e+05
2.536912111500000265e+03 1.650474875000000000e+06 7.319617500000000000e+05
2.540038312500000302e+03 1.726620500000000000e+06 7.238700000000000000e+05
2.543164513500000339e+03 1.635414750000000000e+06 7.330270625000000000e+05
2.546290714499999922e+03 1.690604625000000000e+06 7.200502500000000000e+05
2.549416915500000414e+03 1.508084000000000000e+06 7.184643125000000000e+05
2.552543116499999996e+03 1.078676750000000000e+06 7.200881250000000000e+05
2.555669317500000034e+03 9.190755625000000000e+05 7.143631875000000000e+05
2.558795518500000526e+03 4.458555937500000000e+05 7.154000000000000000e+05
2.561921719500000108e+03 -1.478931250000000000e+05 7.195864375000000000e+05
2.565047920500000146e+03 -1.967922968750000000e+05 7.068040000000000000e+05
2.568174121500000183e+03 -6.983628750000000000e+05 7.157737500000000000e+05
2.571300322500000220e+03 -1.098583375000000000e+06 7.138502500000000000e+05
2.574426523500000258e+03 -1.112326125000000000e+06 7.157848750000000000e+05
2.577552724500000295e+03 -1.217649000000000000e+06 7.167336875000000000e+05
2.580678925499999878e+03 -1.430064500000000000e+06 7.177569375000000000e+05
2.583805126500000370e+03 -1.108881375000000000e+06 7.188919375000000000e+05
2.586931327500000407e+03 -1.284476375000000000e+06 7.234429375000000000e+05
2.590057528500000444e+03 -1.428238625000000000e+06 7.177050000000000000e+05
2.593183729500000027e+03 -9.132573125000000000e+05 7.194952500000000000e+05
2.596309930500000064e+03 -1.142718250000000000e+06 7.194428750000000000e+05
2.599436131500000101e+03 -1.004145687500000000e+06 7.172681250000000000e+05
2.602562332500000139e+03 -5.351238125000000000e+05 7.261488125000000000e+05
2.605688533500000631e+03 -7.591636875000000000e+05 7.195603750000000000e+05
2.608814734500000668e+03 -7.060137500000000000e+05 7.238968125000000000e+05
2.611940935500000251e+03 -2.954808750000000000e+05 7.316580000000000000e+05
2.615067136500000288e+03 -4.707824062500000000e+05 7.331482500000000000e+05
2.618193337500000325e+03 -5.427404375000000000e+05 7.353695625000000000e+05
2.621319538499999908e+03 -4.980377187500000000e+05 7.456790000000000000e+05
2.624445739499999945e+03 -6.713179375000000000e+05 7.362196875000000000e+05
2.627571940499999982e+03 -9.887157500000000000e+05 7.518789375000000000e+05
2.630698141500000020e+03 -9.968118125000000000e+05 7.535164375000000000e+05
2.633824342500000512e+03 -1.158963250000000000e+06 7.447068750000000000e+05
2.636950543500000549e+03 -1.175945750000000000e+06 7.557971250000000000e+05
2.640076744500000132e+03 -1.402388000000000000e+06 7.588579375000000000e+05
2.643202945500000169e+03 -1.295592750000000000e+06 7.474296250000000000e+05
2.646329146500000206e+03 -1.090527125000000000e+06 7.607092500000000000e+05
2.649455347500000244e+03 -1.162737625000000000e+06 7.631416250000000000e+05
2.652581548499999826e+03 -7.769650000000000000e+05 7.581843125000000000e+05
2.655707749499999863e+03 -5.999518125000000000e+05 7.710396875000000000e+05
2.658833950500000356e+03 -5.520478125000000000e+05 7.752155000000000000e+05
2.661960151500000393e+03 -3.024710937500000000e+05 7.748294375000000000e+05
2.665086352500000430e+03 5.682288208007812500e+02 7.816331250000000000e+05
2.668212553500000467e+03 -2.105204062500000000e+05 7.779571875000000000e+05
2.671338754500000050e+03 -2.137523125000000000e+05 7.866566250000000000e+05
2.674464955500000087e+03 -5.258596093750000000e+04 7.811423750000000000e+05
2.677591156500000125e+03 -2.920110625000000000e+05 7.816395000000000000e+05
2.680717357500000617e+03 -1.763595312500000000e+05 7.863459375000000000e+05
2.683843558499999745e+03 -1.427393906250000000e+05 7.790066250000000000e+05
2.686969759500000237e+03 -1.138685156250000000e+05 7.745671875000000000e+05
2.690095960500000274e+03 -1.741452031250000000e+05 7.786843125000000000e+05
2.693222161500000311e+03 -8.283564843750000000e+04 7.718494375000000000e+05
2.696348362500000349e+03 -5.912502734375000000e+04 7.698483750000000000e+05
2.699474563499999931e+03 2.490396875000000000e+04 7.706211250000000000e+05
2.702600764499999968e+03 -1.460369531250000000e+05 7.696271250000000000e+05
2.705726965500000006e+03 -7.458396093750000000e+04 7.740590625000000000e+05
2.708853166500000498e+03 -2.071469531250000000e+05 7.722101875000000000e+05
2.711979367500000080e+03 -4.535546562500000000e+05 7.650630625000000000e+05
2.715105568500000118e+03 -2.524716093750000000e+05 7.600541250000000000e+05
2.718231769500000155e+03 -4.653753750000000000e+05 7.494542500000000000e+05
2.721357970500000192e+03 -3.988340000000000000e+05 7.474389375000000000e+05
2.724484171500000230e+03 -7.599702343750000000e+04 7.377667500000000000e+05
2.727610372500000267e+03 -1.501474687500000000e+05 7.354651875000000000e+05
2.730736573499999849e+03 7.808862500000000000e+04 7.373478125000000000e+05
2.733862774500000342e+03 4.860044062500000000e+05 7.380911250000000000e+05
2.736988975500000379e+03 4.526523125000000000e+05 7.325045000000000000e+05
2.740115176500000416e+03 5.186456562500000000e+05 7.317298750000000000e+05
2.743241377499999999e+03 8.883869375000000000e+05 7.359906875000000000e+05
2.746367578500000036e+03 5.463131250000000000e+05 7.359401875000000000e+05
2.749493779500000073e+03 6.098768750000000000e+05 7.380227500000000000e+05
2.752619980500000111e+03 5.604051250000000000e+05 7.488742500000000000e+05
2.755746181500000603e+03 2.934506562500000000e+05 7.605279375000000000e+05
2.758872382500000640e+03 1.125147187500000000e+05 7.669828125000000000e+05
2.761998583500000223e+03 7.324694531250000000e+04 7.754416250000000000e+05
2.765124784500000260e+03 -2.330036093750000000e+05 7.860881875000000000e+05
2.768250985500000297e+03 -2.746568437500000000e+05 7.779310625000000000e+05
2.771377186499999880e+03 -5.112379375000000000e+05 7.804731875000000000e+05
2.774503387499999917e+03 -8.708782500000000000e+05 7.723478750000000000e+05
2.777629588499999954e+03 -5.331642500000000000e+05 7.591612500000000000e+05
2.780755789499999992e+03 -1.041421500000000000e+06 7.443671875000000000e+05
2.783881990500000484e+03 -9.562491250000000000e+05 7.227412500000000000e+05
2.787008191500000521e+03 -1.014278000000000000e+06 7.141688750000000000e+05
2.790134392500000104e+03 -1.093105625000000000e+06 6.962423125000000000e+05
2.793260593500000141e+03 -9.408386250000000000e+05 6.873854375000000000e+05
2.796386794500000178e+03 -9.413660625000000000e+05 6.883296875000000000e+05
2.799512995500000216e+03 -7.840933750000000000e+05 6.838698750000000000e+05
2.802639196499999798e+03 -4.371094062500000000e+05 6.894860000000000000e+05
2.805765397499999835e+03 -6.957711875000000000e+05 6.995156875000000000e+05
2.808891598500000327e+03 -3.979606875000000000e+05 6.924861875000000000e+05
2.812017799500000365e+03 -4.400629062500000000e+05 7.060089375000000000e+05
2.815144000500000402e+03 -6.717888125000000000e+05 7.088805625000000000e+05
2.818270201500000439e+03 -4.550631875000000000e+05 7.003639375000000000e+05
2.821396402500000022e+03 -5.918373750000000000e+05 7.192333125000000000e+05
2.824522603500000059e+03 -7.237116250000000000e+05 7.140797500000000000e+05
2.827648804500000097e+03 -4.245437500000000000e+05 7.137893750000000000e+05
2.830775005500000589e+03 -4.656582187500000000e+05 7.291853125000000000e+05
2.833901206500000171e+03 -4.070346250000000000e+05 7.387636875000000000e+05
2.837027407500000209e+03 -8.570252343750000000e+04 7.265225625000000000e+05
2.840153608500000246e+03 -3.922015625000000000e+05 7.377421875000000000e+05
2.843279809500000283e+03 -1.491483906250000000e+05 7.341062500000000000e+05
2.846406010500000320e+03 4.707271562500000000e+05 7.112452500000000000e+05
2.849532211500000358e+03 -9.777872656250000000e+04 7.139882500000000000e+05
2.852658412499999940e+03 2.419920468750000000e+05 7.060123125000000000e+05
2.855784613500000432e+03 6.639244375000000000e+05 6.824161875000000000e+05
2.858910814500000470e+03 2.610955156250000000e+05 6.908043750000000000e+05
2.862037015500000052e+03 2.950836875000000000e+05 6.923611875000000000e+05
2.865163216500000090e+03 5.290560625000000000e+05 6.850050625000000000e+05
2.868289417500000127e+03 1.550963906250000000e+05 6.960261875000000000e+05
2.871415618500000164e+03 -7.995721093750000000e+04 6.956243125000000000e+05
2.874541819500000202e+03 2.631976250000000000e+05 6.950553750000000000e+05
2.877668020500000694e+03 -2.144398437500000000e+05 7.084566875000000000e+05
2.880794221499999821e+03 -3.841612812500000000e+05 7.076442500000000000e+05
2.883920422500000313e+03 -1.613927812500000000e+05 7.132721875000000000e+05
2.887046623500000351e+03 -4.028131250000000000e+05 7.171336875000000000e+05
2.890172824500000388e+03 -5.220375312500000000e+05 7.196068125000000000e+05
2.893299025499999971e+03 -2.550298125000000000e+05 7.148299375000000000e+05
2.896425226500000008e+03 -4.678788750000000000e+05 7.170318125000000000e+05
2.899551427500000045e+03 -5.045163437500000000e+05 7.178206250000000000e+05
2.902677628500000083e+03 -1.205462109375000000e+05 7.113077500000000000e+05
2.905803829500000575e+03 -6.030675625000000000e+05 7.095191875000000000e+05
2.908930030500000612e+03 -4.427733437500000000e+05 7.080867500000000000e+05
2.912056231500000195e+03 3.611526953125000000e+04 7.001222500000000000e+05
2.915182432500000232e+03 -2.343077343750000000e+05 6.998928750000000000e+05
2.918308633500000269e+03 1.307676406250000000e+05 6.963098750000000000e+05
2.921434834500000306e+03 6.866921875000000000e+05 6.898150000000000000e+05
2.924561035499999889e+03 5.793697500000000000e+05 6.921030000000000000e+05
2.927687236499999926e+03 1.084542625000000000e+06 6.856674375000000000e+05
2.930813437500000418e+03 1.528780000000000000e+06 6.825431250000000000e+05
2.933939638500000456e+03 1.304263125000000000e+06 6.944685000000000000e+05
2.937065839500000493e+03 1.667303125000000000e+06 6.867760625000000000e+05
2.940192040500000076e+03 1.603300000000000000e+06 6.876471250000000000e+05
2.943318241500000113e+03 1.387131750000000000e+06 6.968068125000000000e+05
2.946444442500000150e+03 1.429623750000000000e+06 6.833431875000000000e+05
2.949570643500000187e+03 1.077625750000000000e+06 6.816651875000000000e+05
2.952696844499999770e+03 7.147161250000000000e+05 6.853486875000000000e+05
2.955823045499999807e+03 6.501425000000000000e+05 6.849365000000000000e+05
2.958949246500000299e+03 2.159706250000000000e+05 6.909661250000000000e+05
2.962075447500000337e+03 8.604458984375000000e+03 7.008533125000000000e+05
2.965201648500000374e+03 -1.404607343750000000e+05 7.112219375000000000e+05
2.968327849500000411e+03 -3.612578750000000000e+05 7.235399375000000000e+05
2.971454050499999994e+03 -5.014443125000000000e+05 7.294034375000000000e+05
2.974580251500000031e+03 -5.196500937500000000e+05 7.237093750000000000e+05
2.977706452500000069e+03 -3.117018437500000000e+05 7.207732500000000000e+05
2.980832653500000561e+03 -3.100795625000000000e+05 7.029771875000000000e+05
2.983958854500000143e+03 -2.702059375000000000e+05 6.952854375000000000e+05
2.987085055500000180e+03 -1.595754218750000000e+05 6.821712500000000000e+05
2.990211256500000218e+03 1.056894453125000000e+05 6.701101250000000000e+05
2.993337457500000255e+03 -7.062293750000000000e+04 6.582360000000000000e+05
2.996463658500000292e+03 -1.818991093750000000e+05 6.588810000000000000e+05
2.999589859500000330e+03 -2.611260156250000000e+05 6.556040000000000000e+05
3.002716060499999912e+03 -5.162713125000000000e+05 6.487720000000000000e+05
3.005842261500000404e+03 -7.997710000000000000e+05 6.527491875000000000e+05
3.008968462500000442e+03 -9.869337500000000000e+05 6.620290625000000000e+05
3.012094663500000024e+03 -1.193239375000000000e+06 6.661897500000000000e+05
3.015220864500000062e+03 -1.426813750000000000e+06 6.703890625000000000e+05
3.018347065500000099e+03 -1.468894375000000000e+06 6.757038125000000000e+05
3.021473266500000136e+03 -1.504543500000000000e+06 6.784568125000000000e+05
3.024599467500000173e+03 -1.609407125000000000e+06 6.886997500000000000e+05
3.027725668500000666e+03 -1.394472375000000000e+06 6.875320625000000000e+05
3.030851869500000248e+03 -1.349819000000000000e+06 6.974645625000000000e+05
3.033978070500000285e+03 -1.140198500000000000e+06 7.118042500000000000e+05
3.037104271500000323e+03 -1.322785375000000000e+06 7.078291250000000000e+05
3.040230472500000360e+03 -8.740467500000000000e+05 7.221436250000000000e+05
3.043356673499999943e+03 -4.062409062500000000e+05 7.221686250000000000e+05
3.046482874499999980e+03 -4.511976250000000000e+05 7.097340625000000000e+05
3.049609075500000017e+03 2.616456054687500000e+04 7.225447500000000000e+05
3.052735276500000509e+03 5.242757812500000000e+05 7.172290625000000000e+05
3.055861477500000547e+03 4.010295312500000000e+05 7.028495625000000000e+05
3.058987678500000584e+03 5.631243125000000000e+05 7.109475000000000000e+05
3.062113879500000166e+03 1.232349875000000000e+06 6.936163750000000000e+05
3.065240080500000204e+03 7.387471875000000000e+05 6.907310625000000000e+05
3.068366281500000241e+03 1.051370000000000000e+06 6.928108125000000000e+05
3.071492482500000278e+03 9.899726250000000000e+05 6.835217500000000000e+05
3.074618683499999861e+03 8.195435625000000000e+05 6.805798125000000000e+05
3.077744884499999898e+03 7.436790625000000000e+05 6.767578125000000000e+05
3.080871085500000390e+03 6.595220000000000000e+05 6.728938750000000000e+05
3.083997286500000428e+03 2.786220312500000000e+05 6.774026875000000000e+05
3.087123487500000465e+03 3.563761562500000000e+05 6.826566250000000000e+05
3.090249688500000047e+03 2.182655000000000000e+05 6.901921250000000000e+05
3.093375889500000085e+03 -1.988744375000000000e+05 6.926108125000000000e+05
3.096502090500000122e+03 -9.237871875000000000e+04 6.931801250000000000e+05
3.099628291500000159e+03 -2.374460468750000000e+05 7.053178125000000000e+05
3.102754492499999742e+03 -1.753928281250000000e+05 6.931123125000000000e+05
3.105880693500000234e+03 -3.917852500000000000e+05 6.921475000000000000e+05
3.109006894500000271e+03 -3.130422812500000000e+05 6.898195625000000000e+05
3.112133095500000309e+03 -2.682523437500000000e+05 6.813847500000000000e+05
3.115259296500000346e+03 -1.876273750000000000e+05 6.759810000000000000e+05
3.118385497500000383e+03 -8.843353125000000000e+04 6.744469375000000000e+05
3.121511698499999966e+03 -1.815351757812500000e+04 6.579166875000000000e+05
3.124637899500000003e+03 2.097433906250000000e+05 6.539115625000000000e+05
3.127764100500000495e+03 3.219025937500000000e+05 6.427564375000000000e+05
3.130890301500000533e+03 4.406756562500000000e+05 6.394051250000000000e+05
3.134016502500000115e+03 4.660832812500000000e+05 6.283161875000000000e+05
3.137142703500000152e+03 4.875377500000000000e+05 6.250955625000000000e+05
3.140268904500000190e+03 5.051825937500000000e+05 6.174388125000000000e+05
3.143395105500000227e+03 4.169048750000000000e+05 6.138888125000000000e+05
3.146521306500000264e+03 4.899077734375000000e+04 6.167914375000000000e+05
3.149647507500000756e+03 3.060921093750000000e+04 6.086610000000000000e+05
3.152773708499999884e+03 -2.451129218750000000e+05 6.119795000000000000e+05
3.155899909500000376e+03 -3.489568750000000000e+05 6.074800000000000000e+05
3.159026110500000414e+03 -8.017996250000000000e+05 6.024794375000000000e+05
3.162152311499999996e+03 -7.682118750000000000e+05 6.100787500000000000e+05
3.165278512500000033e+03 -1.130587125000000000e+06 6.088800000000000000e+05
3.168404713500000071e+03 -1.300178375000000000e+06 5.978711250000000000e+05
3.171530914500000108e+03 -1.337240375000000000e+06 5.986938750000000000e+05
3.174657115500000145e+03 -1.621986250000000000e+06 6.005324375000000000e+05
3.177783316500000637e+03 -1.820707625000000000e+06 5.989295000000000000e+05
3.180909517500000220e+03 -1.868615375000000000e+06 5.990228125000000000e+05
3.184035718500000257e+03 -2.025316625000000000e+06 5.988040625000000000e+05
3.187161919500000295e+03 -2.098951500000000000e+06 6.008776250000000000e+05
3.190288120500000332e+03 -2.070266500000000000e+06 6.007819375000000000e+05
3.193414321499999915e+03 -2.354740500000000000e+06 6.037401875000000000e+05
3.196540522499999952e+03 -2.064601000000000000e+06 5.932405000000000000e+05
3.199666723499999989e+03 -2.152160500000000000e+06 5.858169375000000000e+05
3.202792924500000481e+03 -2.075418750000000000e+06 5.887255000000000000e+05
3.205919125500000519e+03 -1.727991875000000000e+06 5.776120000000000000e+05
3.209045326500000556e+03 -1.758864125000000000e+06 5.743474375000000000e+05
3.212171527500000138e+03 -1.659131625000000000e+06 5.676308750000000000e+05
3.215297728500000176e+03 -1.272452375000000000e+06 5.590343750000000000e+05
3.218423929500000213e+03 -1.321714125000000000e+06 5.615747500000000000e+05
3.221550130500000250e+03 -1.135299375000000000e+06 5.605589375000000000e+05
3.224676331499999833e+03 -8.284229375000000000e+05 5.440660000000000000e+05
3.227802532500000325e+03 -6.805698125000000000e+05 5.580253125000000000e+05
3.230928733500000362e+03 -8.251949375000000000e+05 5.597785625000000000e+05
3.234054934500000400e+03 -2.818385625000000000e+05 5.450482500000000000e+05
3.237181135500000437e+03 -3.992949687500000000e+05 5.643669375000000000e+05
3.240307336500000474e+03 -4.542300625000000000e+05 5.611887500000000000e+05
3.243433537500000057e+03 1.396348125000000000e+05 5.540654375000000000e+05
3.246559738500000094e+03 -1.052741953125000000e+05 5.575815000000000000e+05
3.249685939500000586e+03 -4.030499609375000000e+04 5.639968125000000000e+05
3.252812140499999714e+03 6.111426250000000000e+05 5.472763750000000000e+05
3.255938341500000206e+03 1.831914531250000000e+05 5.532033750000000000e+05
3.259064542500000243e+03 4.917420312500000000e+05 5.527019375000000000e+05
3.262190743500000281e+03 9.316567500000000000e+05 5.335926875000000000e+05
3.265316944500000318e+03 5.672411875000000000e+05 5.434944375000000000e+05
3.268443145500000355e+03 9.151035625000000000e+05 5.363765625000000000e+05
3.271569346499999938e+03 1.101315875000000000e+06 5.284538750000000000e+05
3.274695547499999975e+03 8.181508750000000000e+05 5.307860625000000000e+05
3.277821748500000467e+03 9.732745625000000000e+05 5.255180625000000000e+05
3.280947949500000504e+03 9.683754375000000000e+05 5.216801250000000000e+05
3.284074150500000087e+03 6.300512500000000000e+05 5.207128750000000000e+05
3.287200351500000124e+03 7.483888125000000000e+05 5.179365000000000000e+05
3.290326552500000162e+03 4.431934687500000000e+05 5.179184062500000000e+05
3.293452753500000199e+03 3.487289375000000000e+05 5.175130937500000000e+05
3.296578954500000236e+03 3.301511562500000000e+05 5.172818750000000000e+05
3.299705155500000728e+03 -5.202369628906250000e+03 5.200582812500000000e+05
3.302831356500000311e+03 1.492008300781250000e+04 5.143679687500000000e+05
3.305957557500000348e+03 -2.408590234375000000e+04 5.181125625000000000e+05
3.309083758500000386e+03 -1.898457812500000000e+05 5.084376562500000000e+05
3.312209959500000423e+03 -1.391557968750000000e+05 5.164000000000000000e+05
3.315336160500000005e+03 -1.037332421875000000e+05 5.093679687500000000e+05
3.318462361500000043e+03 -7.834487500000000000e+04 5.019181562500000000e+05
3.321588562500000080e+03 -1.445370625000000000e+05 5.132411875000000000e+05
3.324714763500000572e+03 4.522516015625000000e+04 5.093814062500000000e+05
3.327840964500000609e+03 -7.491050000000000000e+04 5.058481875000000000e+05
3.330967165500000192e+03 -9.614276562500000000e+04 5.238881250000000000e+05
3.334093366500000229e+03 -8.832150000000000000e+04 5.182940625000000000e+05
3.337219567500000267e+03 5.692469531250000000e+04 5.192192500000000000e+05
3.340345768500000304e+03 -2.754370625000000000e+05 5.344301875000000000e+05
3.343471969499999886e+03 -2.383670937500000000e+05 5.303451250000000000e+05
3.346598170499999924e+03 -1.143865468750000000e+05 5.306844375000000000e+05
3.349724371499999961e+03 -4.070041875000000000e+05 5.361735625000000000e+05
3.352850572500000453e+03 -4.532860625000000000e+05 5.327706250000000000e+05
3.355976773500000490e+03 -3.065819375000000000e+05 5.304853125000000000e+05
3.359102974500000528e+03 -5.658826250000000000e+05 5.348934375000000000e+05
3.362229175500000110e+03 -6.153813750000000000e+05 5.274516250000000000e+05
3.365355376500000148e+03 -4.634370625000000000e+05 5.394206875000000000e+05
3.368481577500000185e+03 -6.329054375000000000e+05 5.258098750000000000e+05
3.371607778500000222e+03 -3.797354062500000000e+05 5.287923125000000000e+05
3.374733979499999805e+03 -3.167942187500000000e+05 5.353106875000000000e+05
3.377860180500000297e+03 -4.107300312500000000e+05 5.241547812500000000e+05
3.380986381500000334e+03 -3.920640000000000000e+05 5.315300625000000000e+05
3.384112582500000372e+03 -3.191849687500000000e+05 5.319618125000000000e+05
3.387238783500000409e+03 -3.043023750000000000e+05 5.291311250000000000e+05
3.390364984500000446e+03 -1.197898593750000000e+05 5.278232500000000000e+05
3.393491185500000029e+03 -4.304630937500000000e+05 5.284690000000000000e+05
3.396617386500000066e+03 -3.457592812500000000e+05 5.204244687500000000e+05
3.399743587500000558e+03 -9.813426562500000000e+04 5.182240625000000000e+05
3.402869788500000141e+03 -2.965692500000000000e+05 5.168100000000000000e+05
3.405995989500000178e+03 -1.388845312500000000e+05 5.084467187500000000e+05
3.409122190500000215e+03 4.420134375000000000e+04 5.044117187500000000e+05
3.412248391500000253e+03 -3.199923437500000000e+04 5.006403437500000000e+05
3.415374592500000290e+03 -3.207779492187500000e+04 4.980030312500000000e+05
3.418500793500000327e+03 3.556473125000000000e+05 4.931832500000000000e+05
3.421626994499999910e+03 2.041158906250000000e+05 4.955138750000000000e+05
3.424753195500000402e+03 6.981138281250000000e+04 4.959627812500000000e+05
3.427879396500000439e+03 3.794825625000000000e+05 4.910374687500000000e+05
3.431005597500000476e+03 2.655948125000000000e+05 4.966437187500000000e+05
3.434131798500000059e+03 1.056320000000000000e+05 4.939863437500000000e+05
3.437257999500000096e+03 3.702193437500000000e+05 4.851663437500000000e+05
3.440384200500000134e+03 -3.240658007812500000e+04 4.889557812500000000e+05
3.443510401500000171e+03 6.184842578125000000e+04 4.850280312500000000e+05
3.446636602500000663e+03 3.393056875000000000e+05 4.803428125000000000e+05
3.449762803500000700e+03 2.051363125000000000e+05 4.878378437500000000e+05
3.452889004500000283e+03 7.707860156250000000e+04 4.913810000000000000e+05
3.456015205500000320e+03 2.778497500000000000e+05 4.816341875000000000e+05
3.459141406500000357e+03 2.481139218750000000e+05 4.987992187500000000e+05
3.462267607500000395e+03 -4.039305078125000000e+04 4.945072187500000000e+05
3.465393808499999977e+03 1.889260312500000000e+05 4.935940937500000000e+05
3.468520009500000015e+03 1.159311640625000000e+05 5.038091250000000000e+05
3.471646210500000052e+03 4.258351171875000000e+04 4.939843750000000000e+05
3.474772411500000544e+03 -4.592857421875000000e+04 4.948103437500000000e+05
3.477898612500000581e+03 9.401182031250000000e+04 4.995192812500000000e+05
3.481024813500000164e+03 -6.705471875000000000e+04 4.880242187500000000e+05
3.484151014500000201e+03 -1.940239843750000000e+05 4.898991875000000000e+05
3.487277215500000239e+03 9.644589843750000000e+04 4.824009687500000000e+05
3.490403416500000276e+03 -5.473811328125000000e+04 4.751298437500000000e+05
3.493529617499999858e+03 -5.669919531250000000e+04 4.730531562500000000e+05
3.496655818499999896e+03 1.988202031250000000e+05 4.711427187500000000e+05
3.499782019500000388e+03 1.973922500000000000e+05 4.579685937500000000e+05
3.502908220500000425e+03 4.433799609375000000e+04 4.605912812500000000e+05
3.506034421500000462e+03 4.825697500000000000e+05 4.574173125000000000e+05
3.509160622500000500e+03 3.481996562500000000e+05 4.457915312500000000e+05
3.512286823500000082e+03 1.480337187500000000e+05 4.549254375000000000e+05
3.515413024500000120e+03 5.235265625000000000e+05 4.531103437500000000e+05
3.518539225500000157e+03 5.696038125000000000e+05 4.439826875000000000e+05
3.521665426500000649e+03 2.930378750000000000e+05 4.517013750000000000e+05
3.524791627499999777e+03 4.981030625000000000e+05 4.516912187500000000e+05
3.527917828500000269e+03 6.478325625000000000e+05 4.436730625000000000e+05
3.531044029500000306e+03 3.211002812500000000e+05 4.533133125000000000e+05
3.534170230500000343e+03 3.860946250000000000e+05 4.480555312500000000e+05
3.537296431500000381e+03 4.171251875000000000e+05 4.462508750000000000e+05
3.540422632500000418e+03 3.937814062500000000e+04 4.445282500000000000e+05
3.543548833500000001e+03 2.428585312500000000e+05 4.521941875000000000e+05
3.546675034500000038e+03 1.438009062500000000e+05 4.423638125000000000e+05
3.549801235500000530e+03 -3.893100781250000000e+04 4.446616875000000000e+05
3.552927436500000113e+03 1.134360781250000000e+05 4.485953125000000000e+05
3.556053637500000150e+03 7.973594531250000000e+04 4.409390937500000000e+05
3.559179838500000187e+03 -6.060997656250000000e+04 4.415210000000000000e+05
3.562306039500000225e+03 -2.255304199218750000e+03 4.456892812500000000e+05
3.565432240500000262e+03 9.800342187500000000e+04 4.316681562500000000e+05
3.568558441500000299e+03 -9.986834960937500000e+03 4.314660000000000000e+05
3.571684642499999882e+03 4.851657031250000000e+04 4.292674062500000000e+05
3.574810843500000374e+03 1.430733691406250000e+04 4.259866250000000000e+05
3.577937044500000411e+03 6.506180859375000000e+04 4.211585625000000000e+05
3.581063245500000448e+03 9.627824218750000000e+04 4.272372812500000000e+05
3.584189446500000031e+03 1.260512656250000000e+05 4.235778750000000000e+05
3.587315647500000068e+03 4.957138671875000000e+04 4.227516250000000000e+05
3.590441848500000106e+03 2.985920000000000000e+05 4.283550312500000000e+05
3.593568049500000143e+03 2.418140468750000000e+05 4.271311250000000000e+05
3.596694250500000635e+03 3.782206875000000000e+05 4.301086250000000000e+05
3.599820451500000672e+03 5.100042812500000000e+05 4.345822500000000000e+05
3.602946652500000255e+03 5.326366250000000000e+05 4.384233125000000000e+05
3.606072853500000292e+03 6.488242500000000000e+05 4.478412500000000000e+05
3.609199054500000329e+03 6.778940000000000000e+05 4.497597187500000000e+05
3.612325255500000367e+03 7.085695000000000000e+05 4.458230312500000000e+05
3.615451456499999949e+03 7.806200625000000000e+05 4.624730312500000000e+05
3.618577657499999987e+03 8.529202500000000000e+05 4.593418125000000000e+05
3.621703858500000479e+03 7.231233750000000000e+05 4.548259375000000000e+05
3.624830059500000516e+03 8.320051875000000000e+05 4.590852812500000000e+05
3.627956260500000553e+03 8.293937500000000000e+05 4.611481562500000000e+05
3.631082461500000591e+03 6.599612500000000000e+05 4.471180625000000000e+05
3.634208662500000173e+03 7.244645625000000000e+05 4.517670000000000000e+05
3.637334863500000210e+03 6.267972500000000000e+05 4.529844062500000000e+05
3.640461064500000248e+03 4.704272500000000000e+05 4.383536250000000000e+05
3.643587265499999830e+03 4.120277500000000000e+05 4.437309062500000000e+05
3.646713466499999868e+03 2.682184062500000000e+05 4.390268125000000000e+05
3.649839667500000360e+03 1.490505000000000000e+05 4.322501562500000000e+05
3.652965868500000397e+03 1.203339843750000000e+04 4.288582812500000000e+05
3.656092069500000434e+03 -1.748151406250000000e+05 4.290925000000000000e+05
3.659218270500000472e+03 -2.803945937500000000e+05 4.159374375000000000e+05
3.662344471500000054e+03 -2.629303437500000000e+05 4.218941562500000000e+05
3.665470672500000092e+03 -5.572748750000000000e+05 4.194893125000000000e+05
3.668596873500000129e+03 -4.288272812500000000e+05 4.185406562500000000e+05
3.671723074500000621e+03 -3.944647187500000000e+05 4.184454062500000000e+05
3.674849275500000203e+03 -5.812857500000000000e+05 4.256885625000000000e+05
3.677975476500000241e+03 -4.125250625000000000e+05 4.163352812500000000e+05
3.681101677500000278e+03 -2.946531562500000000e+05 4.241422187500000000e+05
3.684227878500000315e+03 -3.385728125000000000e+05 4.182188125000000000e+05
3.687354079500000353e+03 -1.871896562500000000e+05 4.139936875000000000e+05
3.690480280500000390e+03 -3.078743554687500000e+04 4.087274062500000000e+05
3.693606481499999973e+03 -5.411564453125000000e+04 4.108675937500000000e+05
3.696732682500000465e+03 1.626780937500000000e+05 4.062443750000000000e+05
3.699858883500000502e+03 4.211638671875000000e+04 4.074400000000000000e+05
3.702985084500000539e+03 1.917572031250000000e+05 4.061458750000000000e+05
3.706111285500000122e+03 2.325637031250000000e+05 4.091320625000000000e+05
3.709237486500000159e+03 5.404131640625000000e+04 4.125790000000000000e+05
3.712363687500000196e+03 1.827319375000000000e+05 4.152755000000000000e+05
3.715489888500000234e+03 1.115143203125000000e+05 4.112561250000000000e+05
3.718616089500000726e+03 4.471046875000000000e+03 4.158780937500000000e+05
3.721742290499999854e+03 5.601982031250000000e+04 4.177742812500000000e+05
3.724868491500000346e+03 1.285278515625000000e+05 4.151200625000000000e+05
3.727994692500000383e+03 -2.022298593750000000e+05 4.175562500000000000e+05
3.731120893500000420e+03 7.721509375000000000e+04 4.146878125000000000e+05
3.734247094500000003e+03 -8.467842968750000000e+04 4.151919375000000000e+05
3.737373295500000040e+03 -9.937751562500000000e+04 4.118758750000000000e+05
3.740499496500000078e+03 -1.340409687500000000e+05 4.170451875000000000e+05
3.743625697500000115e+03 1.449048583984375000e+03 4.083661562500000000e+05
3.746751898500000607e+03 -3.663136250000000000e+05 4.133449687500000000e+05
3.749878099500000644e+03 -1.268742578125000000e+05 4.129796562500000000e+05
