# Radius [au]	Intensity [Jy/sr]	error_Intensity [Jy/sr]
1.563100500000000226e+00 3.670194000000000000e+07 0.000000000000000000e+00
4.689301500000000011e+00 3.542660800000000000e+07 6.663153125000000000e+05
7.815502500000000907e+00 3.351860800000000000e+07 8.197681875000000000e+05
1.094170350000000091e+01 3.114018800000000000e+07 9.455075000000000000e+05
1.406790450000000092e+01 2.766977000000000000e+07 7.663825000000000000e+05
1.719410550000000271e+01 2.458564000000000000e+07 8.565188750000000000e+05
2.032030650000000094e+01 2.202770200000000000e+07 7.997323125000000000e+05
2.344650749999999917e+01 1.903341000000000000e+07 8.999991875000000000e+05
2.657270850000000451e+01 1.642079200000000000e+07 1.065891125000000000e+06
2.969890950000000274e+01 1.426879200000000000e+07 1.083962500000000000e+06
3.282511050000000097e+01 1.177943300000000000e+07 1.246857375000000000e+06
3.595131150000000275e+01 1.015947700000000000e+07 1.351913125000000000e+06
3.907751250000000454e+01 8.435163000000000000e+06 1.270747250000000000e+06
4.220371349999999921e+01 7.082897500000000000e+06 1.206423375000000000e+06
4.532991450000000100e+01 6.694115500000000000e+06 1.298719125000000000e+06
4.845611550000000989e+01 5.877524500000000000e+06 1.094046875000000000e+06
5.158231649999999746e+01 5.126728500000000000e+06 1.043012625000000000e+06
5.470851750000000635e+01 4.698309500000000000e+06 8.919943750000000000e+05
5.783471850000000813e+01 4.435817000000000000e+06 8.531493125000000000e+05
6.096091950000000281e+01 4.069418500000000000e+06 8.164614375000000000e+05
6.408712049999999749e+01 3.564827250000000000e+06 8.311814375000000000e+05
6.721332150000000638e+01 3.260678000000000000e+06 8.008893750000000000e+05
7.033952250000000106e+01 3.142836000000000000e+06 7.825653125000000000e+05
7.346572350000000995e+01 2.624798500000000000e+06 7.986518750000000000e+05
7.659192450000000463e+01 2.168350500000000000e+06 7.207888125000000000e+05
7.971812549999999931e+01 2.077960875000000000e+06 6.699940000000000000e+05
8.284432650000000820e+01 1.451701875000000000e+06 6.051505000000000000e+05
8.597052750000000287e+01 1.516386875000000000e+06 6.160582500000000000e+05
8.909672849999999755e+01 1.292551000000000000e+06 5.496516250000000000e+05
9.222292950000000644e+01 1.008087500000000000e+06 5.476892500000000000e+05
9.534913050000000112e+01 9.035842500000000000e+05 5.520803125000000000e+05
9.847533149999999580e+01 1.029151250000000000e+06 5.616234375000000000e+05
1.016015325000000189e+02 9.489355000000000000e+05 5.540447500000000000e+05
1.047277335000000136e+02 1.135414500000000000e+06 5.806290000000000000e+05
1.078539345000000083e+02 1.186864875000000000e+06 5.969651250000000000e+05
1.109801355000000171e+02 1.313396375000000000e+06 5.616765625000000000e+05
1.141063365000000118e+02 1.123697125000000000e+06 5.757736250000000000e+05
1.172325375000000065e+02 1.290487000000000000e+06 5.134461250000000000e+05
1.203587385000000154e+02 1.105720000000000000e+06 4.944978125000000000e+05
1.234849395000000101e+02 1.163071875000000000e+06 4.767354062500000000e+05
1.266111405000000047e+02 1.113302250000000000e+06 4.481211250000000000e+05
1.297373415000000136e+02 1.122182500000000000e+06 4.722658750000000000e+05
1.328635424999999941e+02 9.452583125000000000e+05 4.764187812500000000e+05
1.359897435000000030e+02 1.032842562500000000e+06 4.713010625000000000e+05
1.391159445000000119e+02 1.050594125000000000e+06 4.638870625000000000e+05
1.422421455000000208e+02 9.587055000000000000e+05 4.263254687500000000e+05
1.453683465000000012e+02 9.564704375000000000e+05 4.263256875000000000e+05
1.484945475000000101e+02 8.933350625000000000e+05 3.948640000000000000e+05
1.516207485000000190e+02 8.033133125000000000e+05 3.991194375000000000e+05
1.547469494999999995e+02 7.390130625000000000e+05 4.005714375000000000e+05
1.578731505000000084e+02 8.182236250000000000e+05 3.726286250000000000e+05
1.609993515000000173e+02 6.758419375000000000e+05 3.822670000000000000e+05
1.641255525000000262e+02 8.681795625000000000e+05 3.673765312500000000e+05
1.672517535000000066e+02 8.105403750000000000e+05 3.585375937500000000e+05
1.703779544999999871e+02 8.493750000000000000e+05 3.316615625000000000e+05
1.735041555000000244e+02 8.136792500000000000e+05 3.247214062500000000e+05
1.766303565000000049e+02 7.566713125000000000e+05 2.950435625000000000e+05
1.797565574999999853e+02 6.471126250000000000e+05 2.859527812500000000e+05
1.828827585000000511e+02 8.097010625000000000e+05 2.764482812500000000e+05
1.860089595000000031e+02 6.887292500000000000e+05 2.669190312500000000e+05
1.891351604999999836e+02 6.153176250000000000e+05 2.581065000000000000e+05
1.922613615000000493e+02 6.090525000000000000e+05 2.647347187500000000e+05
1.953875625000000014e+02 5.268811875000000000e+05 2.695559687500000000e+05
1.985137634999999818e+02 6.500388750000000000e+05 2.972795625000000000e+05
2.016399645000000476e+02 6.768050625000000000e+05 3.019804062500000000e+05
2.047661655000000280e+02 6.878013125000000000e+05 3.213495625000000000e+05
2.078923664999999801e+02 7.191826875000000000e+05 3.265526875000000000e+05
2.110185675000000458e+02 7.319230000000000000e+05 3.292913437500000000e+05
2.141447685000000263e+02 5.370076875000000000e+05 3.426497187500000000e+05
2.172709694999999783e+02 4.335147812500000000e+05 3.252842187500000000e+05
2.203971705000000441e+02 3.685400937500000000e+05 3.053491875000000000e+05
2.235233715000000245e+02 3.138566875000000000e+05 2.996010625000000000e+05
2.266495725000000050e+02 2.789389687500000000e+05 2.891570312500000000e+05
2.297757735000000423e+02 5.146994531250000000e+04 2.780077812500000000e+05
2.329019745000000228e+02 1.708334531250000000e+05 2.836296250000000000e+05
2.360281755000000032e+02 1.116624062500000000e+05 2.808580937500000000e+05
2.391543765000000406e+02 -9.974416992187500000e+03 2.783530625000000000e+05
2.422805775000000210e+02 -6.325784765625000000e+04 2.766318125000000000e+05
2.454067785000000015e+02 -8.870879687500000000e+04 2.452219062500000000e+05
2.485329795000000388e+02 -2.336032187500000000e+05 2.590267187500000000e+05
2.516591805000000193e+02 -2.471353750000000000e+05 2.524337812500000000e+05
2.547853814999999997e+02 -6.567098437500000000e+04 2.170961093750000000e+05
2.579115825000000655e+02 -1.777620312500000000e+05 2.444244531250000000e+05
2.610377834999999891e+02 -2.062762968750000000e+05 2.521561562500000000e+05
2.641639844999999696e+02 -2.299764160156250000e+03 2.108322343750000000e+05
2.672901855000000637e+02 -1.921550937500000000e+05 2.520117187500000000e+05
2.704163865000000442e+02 -7.183782031250000000e+04 2.408693281250000000e+05
2.735425874999999678e+02 5.199688671875000000e+04 2.311952187500000000e+05
2.766687885000000620e+02 1.250727148437500000e+04 2.316644687500000000e+05
2.797949895000000424e+02 4.035563659667968750e+02 2.328649531250000000e+05
2.829211904999999661e+02 1.383054375000000000e+05 2.213178593750000000e+05
2.860473915000000602e+02 -3.673605468750000000e+04 2.227800000000000000e+05
2.891735925000000407e+02 -4.065936718750000000e+04 2.293630312500000000e+05
2.922997934999999643e+02 7.737222656250000000e+03 2.357249218750000000e+05
2.954259945000000585e+02 -5.658144140625000000e+04 2.320395312500000000e+05
2.985521955000000389e+02 -8.313760156250000000e+04 2.237811093750000000e+05
3.016783965000000194e+02 -6.801966406250000000e+04 2.185702031250000000e+05
3.048045975000000567e+02 -9.908148437500000000e+04 2.118507812500000000e+05
3.079307985000000372e+02 -1.033983125000000000e+05 2.087236093750000000e+05
3.110569995000000176e+02 4.100980468750000000e+04 2.006472187500000000e+05
3.141832005000000549e+02 -5.992957031250000000e+04 2.018263906250000000e+05
3.173094015000000354e+02 -3.268031054687500000e+04 1.920773125000000000e+05
3.204356025000000727e+02 3.605593359375000000e+04 1.783171718750000000e+05
3.235618035000000532e+02 -1.653819921875000000e+04 1.768898125000000000e+05
3.266880045000000337e+02 9.410089843750000000e+04 1.751481093750000000e+05
3.298142055000000141e+02 2.428739843750000000e+05 1.759085156250000000e+05
3.329404065000000514e+02 1.602720468750000000e+05 1.717165781250000000e+05
3.360666075000000319e+02 2.662856250000000000e+05 1.688570625000000000e+05
3.391928085000000692e+02 3.247034687500000000e+05 1.800345625000000000e+05
3.423190095000000497e+02 3.349032500000000000e+05 1.815529843750000000e+05
3.454452105000000302e+02 3.539476250000000000e+05 1.753812343750000000e+05
3.485714115000000106e+02 3.458264687500000000e+05 1.829092343750000000e+05
3.516976125000000479e+02 2.904022812500000000e+05 1.770543593750000000e+05
3.548238135000000284e+02 3.764795000000000000e+05 1.711259218750000000e+05
3.579500145000000657e+02 3.954345625000000000e+05 1.662772031250000000e+05
3.610762155000000462e+02 3.784994062500000000e+05 1.574705937500000000e+05
3.642024165000000266e+02 4.580308437500000000e+05 1.525718437500000000e+05
3.673286175000000071e+02 3.997726250000000000e+05 1.460019062500000000e+05
3.704548185000000444e+02 3.592230937500000000e+05 1.460954687500000000e+05
3.735810195000000249e+02 3.220199687500000000e+05 1.486830781250000000e+05
3.767072205000000622e+02 2.319522968750000000e+05 1.547532812500000000e+05
3.798334215000000427e+02 2.143615000000000000e+05 1.549895000000000000e+05
3.829596225000000231e+02 2.481632656250000000e+05 1.535190937500000000e+05
3.860858235000000036e+02 1.723937812500000000e+05 1.620122343750000000e+05
3.892120245000000409e+02 2.268774687500000000e+05 1.606128125000000000e+05
3.923382255000000214e+02 2.794790937500000000e+05 1.619768281250000000e+05
3.954644265000000587e+02 3.323927187500000000e+05 1.747683593750000000e+05
3.985906275000000392e+02 2.703806250000000000e+05 1.772217656250000000e+05
4.017168285000000196e+02 2.961654062500000000e+05 1.824718437500000000e+05
4.048430295000000001e+02 3.021984062500000000e+05 1.855173437500000000e+05
4.079692305000000374e+02 2.927361875000000000e+05 1.791298125000000000e+05
4.110954315000000179e+02 1.972697656250000000e+05 1.763603281250000000e+05
4.142216325000000552e+02 2.340982343750000000e+05 1.800550468750000000e+05
4.173478335000000357e+02 1.791777187500000000e+05 1.710599062500000000e+05
4.204740345000000161e+02 9.657468750000000000e+04 1.737227343750000000e+05
4.236002354999999966e+02 1.460099687500000000e+05 1.718402187500000000e+05
4.267264365000000339e+02 2.120509218750000000e+05 1.677197812500000000e+05
4.298526375000000144e+02 1.649902968750000000e+05 1.689917187500000000e+05
4.329788385000000517e+02 1.837400000000000000e+05 1.708327968750000000e+05
4.361050395000000321e+02 2.785676875000000000e+05 1.700089218750000000e+05
4.392312405000000126e+02 2.220298437500000000e+05 1.731384062500000000e+05
4.423574414999999931e+02 2.306870312500000000e+05 1.808592968750000000e+05
4.454836425000000304e+02 2.123403281250000000e+05 1.834060937500000000e+05
4.486098435000000109e+02 2.276250625000000000e+05 1.841941250000000000e+05
4.517360445000000482e+02 2.375955937500000000e+05 1.842609843750000000e+05
4.548622455000000286e+02 2.628598750000000000e+05 1.810218281250000000e+05
4.579884465000000091e+02 3.520519062500000000e+05 1.805731406250000000e+05
4.611146474999999896e+02 4.147021250000000000e+05 1.802855468750000000e+05
4.642408485000000269e+02 4.218288125000000000e+05 1.733483906250000000e+05
4.673670495000000074e+02 4.972860937500000000e+05 1.656751250000000000e+05
4.704932505000000447e+02 4.724852500000000000e+05 1.554701406250000000e+05
4.736194515000000251e+02 4.275449375000000000e+05 1.551223750000000000e+05
4.767456525000000056e+02 3.684265625000000000e+05 1.470092343750000000e+05
4.798718534999999861e+02 3.148222812500000000e+05 1.464879843750000000e+05
4.829980545000000234e+02 2.745766250000000000e+05 1.494940312500000000e+05
4.861242555000000038e+02 2.179275781250000000e+05 1.499467968750000000e+05
4.892504565000000412e+02 1.707530625000000000e+05 1.568674843750000000e+05
4.923766575000000216e+02 1.774589843750000000e+05 1.606699062500000000e+05
4.955028585000000021e+02 2.134383593750000000e+05 1.585797656250000000e+05
4.986290594999999826e+02 2.079577812500000000e+05 1.654969218750000000e+05
5.017552605000000199e+02 1.882777812500000000e+05 1.593460312500000000e+05
5.048814615000000003e+02 2.745447500000000000e+05 1.684943125000000000e+05
5.080076625000000945e+02 2.055613593750000000e+05 1.677179531250000000e+05
5.111338635000000181e+02 2.848846562500000000e+05 1.605172812500000000e+05
5.142600644999999986e+02 1.746084687500000000e+05 1.670680937500000000e+05
5.173862655000000359e+02 2.442345781250000000e+05 1.707375156250000000e+05
5.205124665000000732e+02 1.704351562500000000e+05 1.637950156250000000e+05
5.236386674999999968e+02 3.229351562500000000e+05 1.734271718750000000e+05
5.267648685000000341e+02 2.219987812500000000e+05 1.728694687500000000e+05
5.298910695000000715e+02 1.632661093750000000e+05 1.704185312500000000e+05
5.330172704999999951e+02 1.154823593750000000e+05 1.772072656250000000e+05
5.361434715000000324e+02 8.257683593750000000e+04 1.721493125000000000e+05
5.392696725000000697e+02 5.965071093750000000e+04 1.661705937500000000e+05
5.423958734999999933e+02 3.282469531250000000e+04 1.606990468750000000e+05
5.455220745000000306e+02 4.848325390625000000e+04 1.597545937500000000e+05
5.486482755000000680e+02 -5.356093359375000000e+04 1.528659375000000000e+05
5.517744764999999916e+02 -5.535550390625000000e+04 1.499463437500000000e+05
5.549006775000000289e+02 -2.756667773437500000e+04 1.441303437500000000e+05
5.580268785000000662e+02 2.985568554687500000e+04 1.439741875000000000e+05
5.611530794999999898e+02 7.761411718750000000e+04 1.325547031250000000e+05
5.642792805000000271e+02 1.853299375000000000e+05 1.336661406250000000e+05
5.674054815000000644e+02 2.116547968750000000e+05 1.311052656250000000e+05
5.705316824999999881e+02 3.097622500000000000e+05 1.284016718750000000e+05
5.736578835000000254e+02 3.076303125000000000e+05 1.304497343750000000e+05
5.767840845000000627e+02 3.714267187500000000e+05 1.333137187500000000e+05
5.799102854999999863e+02 2.845907812500000000e+05 1.303005234375000000e+05
5.830364865000000236e+02 2.649807500000000000e+05 1.324258593750000000e+05
5.861626875000000609e+02 1.769447187500000000e+05 1.383012968750000000e+05
5.892888884999999846e+02 1.823264218750000000e+05 1.391606093750000000e+05
5.924150895000000219e+02 2.017582812500000000e+05 1.447354218750000000e+05
5.955412905000000592e+02 1.209454375000000000e+05 1.517328281250000000e+05
5.986674914999999828e+02 1.472810937500000000e+05 1.569274687500000000e+05
6.017936925000000201e+02 4.423858984375000000e+04 1.583728125000000000e+05
6.049198935000000574e+02 -1.079003359375000000e+05 1.604027968750000000e+05
6.080460944999999811e+02 -1.055253515625000000e+05 1.582238437500000000e+05
6.111722955000000184e+02 -1.598628125000000000e+05 1.523969218750000000e+05
6.142984965000000557e+02 -2.498076093750000000e+05 1.522832656250000000e+05
6.174246975000000930e+02 -1.905070156250000000e+05 1.493317968750000000e+05
6.205508985000000166e+02 -1.895303125000000000e+05 1.466045312500000000e+05
6.236770995000000539e+02 -2.492200625000000000e+05 1.504586562500000000e+05
6.268033004999999775e+02 -1.485518125000000000e+05 1.450362343750000000e+05
6.299295015000000149e+02 -1.032543515625000000e+05 1.434347343750000000e+05
6.330557025000000522e+02 -1.639578281250000000e+05 1.458261562500000000e+05
6.361819035000000895e+02 -7.628440625000000000e+04 1.431846562500000000e+05
6.393081045000000131e+02 -1.483048906250000000e+05 1.411779687500000000e+05
6.424343055000000504e+02 -1.262924531250000000e+05 1.459697187500000000e+05
6.455605064999999740e+02 -1.335389687500000000e+05 1.404236406250000000e+05
6.486867075000001250e+02 -6.482795703125000000e+04 1.390631250000000000e+05
6.518129084999999350e+02 2.536396289062500000e+04 1.434119531250000000e+05
6.549391095000000860e+02 1.053946640625000000e+05 1.397176250000000000e+05
6.580653104999998959e+02 1.109127343750000000e+05 1.387465000000000000e+05
6.611915115000000469e+02 1.294900546875000000e+05 1.423175781250000000e+05
6.643177125000001979e+02 1.138620234375000000e+05 1.399486406250000000e+05
6.674439135000000078e+02 7.357007812500000000e+04 1.398592968750000000e+05
6.705701145000001588e+02 2.158929882812500000e+04 1.357985625000000000e+05
6.736963154999999688e+02 1.005155761718750000e+04 1.290349453125000000e+05
6.768225165000001198e+02 -3.590287109375000000e+04 1.242011171875000000e+05
6.799487175000000434e+02 -7.612790625000000000e+04 1.235919687500000000e+05
6.830749184999999670e+02 -1.175916171875000000e+05 1.238439140625000000e+05
6.862011195000001180e+02 -1.260542421875000000e+05 1.250121406250000000e+05
6.893273204999999280e+02 -1.406574375000000000e+05 1.307995234375000000e+05
6.924535215000000790e+02 -1.359918750000000000e+05 1.251081875000000000e+05
6.955797224999998889e+02 -1.175203671875000000e+05 1.223298906250000000e+05
6.987059235000000399e+02 -1.067605937500000000e+05 1.237910781250000000e+05
7.018321245000001909e+02 -5.255554687500000000e+04 1.252573359375000000e+05
7.049583255000000008e+02 1.467414257812500000e+04 1.290660625000000000e+05
7.080845265000001518e+02 -1.321084375000000000e+04 1.340369062500000000e+05
7.112107274999999618e+02 3.302840576171875000e+03 1.344819531250000000e+05
7.143369285000001128e+02 -1.229769531250000000e+04 1.337554531250000000e+05
7.174631295000000364e+02 -4.974160156250000000e+04 1.348711406250000000e+05
7.205893305000000737e+02 -6.744446875000000000e+04 1.301764453125000000e+05
7.237155315000001110e+02 -1.188401093750000000e+05 1.304375390625000000e+05
7.268417324999999209e+02 -8.812282031250000000e+04 1.307731875000000000e+05
7.299679335000000719e+02 -1.159687265625000000e+05 1.308335703125000000e+05
7.330941344999998819e+02 -2.086595781250000000e+05 1.306139296875000000e+05
7.362203355000000329e+02 -1.197944765625000000e+05 1.280472031250000000e+05
7.393465365000001839e+02 -2.092827812500000000e+05 1.279529765625000000e+05
7.424727374999999938e+02 -2.005014062500000000e+05 1.258978593750000000e+05
7.455989385000001448e+02 -1.958542031250000000e+05 1.298392031250000000e+05
7.487251394999999548e+02 -2.171309062500000000e+05 1.263465703125000000e+05
7.518513405000001057e+02 -3.054820625000000000e+05 1.242145078125000000e+05
7.549775415000000294e+02 -2.679621250000000000e+05 1.227368750000000000e+05
7.581037425000000667e+02 -2.924035312500000000e+05 1.234667890625000000e+05
7.612299435000001040e+02 -3.262257812500000000e+05 1.257192031250000000e+05
7.643561445000000276e+02 -2.534475312500000000e+05 1.332907031250000000e+05
7.674823455000000649e+02 -2.376463593750000000e+05 1.325872812500000000e+05
7.706085464999998749e+02 -2.723849687500000000e+05 1.358149062500000000e+05
7.737347475000000259e+02 -2.546529375000000000e+05 1.358170468750000000e+05
7.768609485000001769e+02 -1.492190000000000000e+05 1.314875625000000000e+05
7.799871494999999868e+02 -1.357303593750000000e+05 1.357872656250000000e+05
7.831133505000001378e+02 -1.463468125000000000e+05 1.319356093750000000e+05
7.862395514999999477e+02 -8.379789843750000000e+04 1.280536875000000000e+05
7.893657525000000987e+02 -7.289032031250000000e+04 1.219134062500000000e+05
7.924919535000000224e+02 -3.495763281250000000e+04 1.175701328125000000e+05
7.956181545000000597e+02 -6.629270312500000000e+04 1.204159765625000000e+05
7.987443555000000970e+02 -1.104896562500000000e+05 1.221889609375000000e+05
8.018705565000000206e+02 -9.086032031250000000e+04 1.204446562500000000e+05
8.049967575000000579e+02 -1.936434218750000000e+05 1.209298671875000000e+05
8.081229585000000952e+02 -1.339540625000000000e+05 1.199477031250000000e+05
8.112491595000000189e+02 -1.279317812500000000e+05 1.212697031250000000e+05
8.143753605000001698e+02 -1.458093125000000000e+05 1.224747890625000000e+05
8.175015614999999798e+02 -1.629115937500000000e+05 1.249488046875000000e+05
8.206277625000001308e+02 -1.784175781250000000e+05 1.261080000000000000e+05
8.237539634999999407e+02 -1.942208281250000000e+05 1.242819453125000000e+05
8.268801645000000917e+02 -2.258071875000000000e+05 1.238159531250000000e+05
8.300063655000002427e+02 -1.835872812500000000e+05 1.244289531250000000e+05
8.331325665000000527e+02 -1.776059062500000000e+05 1.251032265625000000e+05
8.362587675000000900e+02 -9.732204687500000000e+04 1.254512968750000000e+05
8.393849685000000136e+02 -6.603446093750000000e+04 1.258487500000000000e+05
8.425111695000000509e+02 -1.060683203125000000e+05 1.257353203125000000e+05
8.456373705000000882e+02 -7.302122656250000000e+04 1.217965625000000000e+05
8.487635715000000118e+02 -5.457759375000000000e+04 1.195913437500000000e+05
8.518897725000001628e+02 -1.059316328125000000e+05 1.175379609375000000e+05
8.550159734999999728e+02 -8.894231250000000000e+04 1.155331171875000000e+05
8.581421745000001238e+02 -9.099062500000000000e+04 1.156029843750000000e+05
8.612683754999999337e+02 -5.618475000000000000e+04 1.129063828125000000e+05
8.643945765000000847e+02 -7.075784375000000000e+04 1.146802578125000000e+05
8.675207775000002357e+02 -5.117637109375000000e+04 1.144339218750000000e+05
8.706469785000000456e+02 -4.740316796875000000e+04 1.114746015625000000e+05
8.737731795000001966e+02 -1.562959375000000000e+04 1.146618046875000000e+05
8.768993805000000066e+02 -5.984564843750000000e+04 1.154945859375000000e+05
8.800255815000000439e+02 -7.538016406250000000e+04 1.152533750000000000e+05
8.831517825000000812e+02 -3.337241015625000000e+04 1.175954687500000000e+05
8.862779835000000048e+02 -1.346152343750000000e+05 1.158943750000000000e+05
8.894041845000001558e+02 -1.827935156250000000e+05 1.184181328125000000e+05
8.925303854999999658e+02 -1.709858125000000000e+05 1.210525390625000000e+05
8.956565865000001168e+02 -1.710359531250000000e+05 1.215827031250000000e+05
8.987827874999999267e+02 -2.400972500000000000e+05 1.245400546875000000e+05
9.019089885000000777e+02 -1.861630781250000000e+05 1.261379765625000000e+05
9.050351895000002287e+02 -2.403936562500000000e+05 1.245514375000000000e+05
9.081613905000000386e+02 -2.704799687500000000e+05 1.254270703125000000e+05
9.112875915000001896e+02 -2.662918125000000000e+05 1.208971328125000000e+05
9.144137924999999996e+02 -2.070678750000000000e+05 1.183674296875000000e+05
9.175399935000001506e+02 -1.468380625000000000e+05 1.144547265625000000e+05
9.206661945000000742e+02 -7.373268750000000000e+04 1.139120703125000000e+05
9.237923954999999978e+02 -2.970617578125000000e+04 1.099011953125000000e+05
9.269185965000001488e+02 6.237055468750000000e+04 1.128420078125000000e+05
9.300447974999999587e+02 2.829687109375000000e+04 1.113643906250000000e+05
9.331709985000001097e+02 3.198077734375000000e+04 1.093531718750000000e+05
9.362971994999999197e+02 7.106004687500000000e+04 1.138378750000000000e+05
9.394234005000000707e+02 5.835915234375000000e+04 1.121275937500000000e+05
9.425496015000002217e+02 8.806489257812500000e+03 1.159864609375000000e+05
9.456758025000000316e+02 -1.924990234375000000e+04 1.189576328125000000e+05
9.488020035000001826e+02 -7.996160156250000000e+04 1.171962187500000000e+05
9.519282044999999925e+02 -1.019150000000000000e+05 1.170679531250000000e+05
9.550544055000001435e+02 -1.344509218750000000e+05 1.174204609375000000e+05
9.581806065000000672e+02 -1.324405000000000000e+05 1.126499687500000000e+05
9.613068075000001045e+02 -1.081544453125000000e+05 1.078872656250000000e+05
9.644330085000001418e+02 -8.497520312500000000e+04 1.025159140625000000e+05
9.675592094999999517e+02 -5.146382812500000000e+04 1.004144453125000000e+05
9.706854105000001027e+02 -4.607478906250000000e+04 9.839906250000000000e+04
9.738116114999999127e+02 -4.014096093750000000e+04 9.834637500000000000e+04
9.769378125000000637e+02 -1.806192187500000000e+04 9.951116406250000000e+04
9.800640135000002147e+02 -9.964924804687500000e+03 9.890539843750000000e+04
9.831902145000000246e+02 -1.205656445312500000e+04 1.007146875000000000e+05
9.863164155000001756e+02 3.393714453125000000e+04 1.045454609375000000e+05
9.894426164999999855e+02 4.889559375000000000e+04 1.082906250000000000e+05
9.925688175000001365e+02 4.950698828125000000e+04 1.127640156250000000e+05
9.956950185000000602e+02 8.445144531250000000e+04 1.140213359375000000e+05
9.988212195000000975e+02 6.405820312500000000e+04 1.172254453125000000e+05
1.001947420500000135e+03 9.636166992187500000e+03 1.201674453125000000e+05
1.005073621500000058e+03 -1.509951855468750000e+04 1.252600312500000000e+05
1.008199822500000096e+03 -4.475675000000000000e+04 1.266249375000000000e+05
1.011326023499999906e+03 -9.248751562500000000e+04 1.252197500000000000e+05
1.014452224500000057e+03 -8.675616406250000000e+04 1.219194609375000000e+05
1.017578425500000208e+03 -7.830475000000000000e+04 1.210156640625000000e+05
1.020704626500000018e+03 -8.048047656250000000e+04 1.217144609375000000e+05
1.023830827500000169e+03 -5.959275390625000000e+04 1.201820781250000000e+05
1.026957028499999979e+03 -1.051407324218750000e+04 1.231017578125000000e+05
1.030083229500000016e+03 -3.612605468750000000e+04 1.225533984375000000e+05
1.033209430500000053e+03 -3.274538085937500000e+04 1.186962109375000000e+05
1.036335631500000090e+03 -1.108068945312500000e+04 1.173634453125000000e+05
1.039461832500000128e+03 -4.715592187500000000e+04 1.155001250000000000e+05
1.042588033499999938e+03 -9.242257812500000000e+04 1.145187109375000000e+05
1.045714234500000202e+03 -9.403022656250000000e+04 1.129472734375000000e+05
1.048840435500000012e+03 -1.397024062500000000e+05 1.116435468750000000e+05
1.051966636500000050e+03 -6.516551562500000000e+04 1.143629296875000000e+05
1.055092837500000087e+03 -5.723776953125000000e+04 1.151930781250000000e+05
1.058219038500000124e+03 -1.144463281250000000e+05 1.130284375000000000e+05
1.061345239500000162e+03 1.140922656250000000e+04 1.159120000000000000e+05
1.064471440499999972e+03 -1.107747949218750000e+04 1.138518515625000000e+05
1.067597641500000009e+03 -2.176856835937500000e+04 1.114593359375000000e+05
1.070723842500000046e+03 5.599139062500000000e+04 1.131250390625000000e+05
1.073850043500000083e+03 4.014531250000000000e+04 1.116960781250000000e+05
1.076976244500000121e+03 4.179823437500000000e+04 1.149810468750000000e+05
1.080102445499999931e+03 6.026002441406250000e+03 1.141250703125000000e+05
1.083228646500000195e+03 1.237464648437500000e+04 1.120576093750000000e+05
1.086354847500000005e+03 -2.380505078125000000e+04 1.124742500000000000e+05
1.089481048500000043e+03 -3.565145312500000000e+04 1.076500781250000000e+05
1.092607249500000307e+03 -6.511462500000000000e+04 1.055832031250000000e+05
1.095733450500000117e+03 -8.730828125000000000e+04 1.045668906250000000e+05
1.098859651500000155e+03 -1.056991718750000000e+05 1.033777968750000000e+05
1.101985852499999964e+03 -1.102443515625000000e+05 1.065678203125000000e+05
1.105112053500000002e+03 -1.793556250000000000e+05 1.073761562500000000e+05
1.108238254500000039e+03 -1.841935937500000000e+05 1.080865781250000000e+05
1.111364455500000076e+03 -2.369724687500000000e+05 1.076656953125000000e+05
1.114490656500000114e+03 -2.814307500000000000e+05 1.064138437500000000e+05
1.117616857499999924e+03 -2.743711562500000000e+05 1.052815703125000000e+05
1.120743058500000188e+03 -2.638179375000000000e+05 1.050838593750000000e+05
1.123869259499999998e+03 -2.470681718750000000e+05 1.067667109375000000e+05
1.126995460500000036e+03 -1.842925937500000000e+05 1.100856640625000000e+05
1.130121661500000300e+03 -1.622564687500000000e+05 1.092582187500000000e+05
1.133247862500000110e+03 -1.566774218750000000e+05 1.101345234375000000e+05
1.136374063500000148e+03 -1.025119375000000000e+05 1.125357656250000000e+05
1.139500264499999957e+03 -1.148053359375000000e+05 1.144156015625000000e+05
1.142626465499999995e+03 -1.296544140625000000e+05 1.138380468750000000e+05
1.145752666500000032e+03 -1.360402500000000000e+05 1.156226718750000000e+05
1.148878867500000069e+03 -1.297078828125000000e+05 1.130194453125000000e+05
1.152005068500000107e+03 -2.044506093750000000e+05 1.119345234375000000e+05
1.155131269499999917e+03 -1.773082031250000000e+05 1.117611093750000000e+05
1.158257470500000181e+03 -2.345723125000000000e+05 1.107137812500000000e+05
1.161383671499999991e+03 -2.300430156250000000e+05 1.070883593750000000e+05
1.164509872500000029e+03 -2.344396093750000000e+05 1.084508593750000000e+05
1.167636073500000293e+03 -1.906555000000000000e+05 1.062156328125000000e+05
1.170762274500000103e+03 -2.239486250000000000e+05 1.036990156250000000e+05
1.173888475500000141e+03 -1.997700468750000000e+05 1.026378828125000000e+05
1.177014676499999950e+03 -2.029753125000000000e+05 1.042966328125000000e+05
1.180140877499999988e+03 -2.067391875000000000e+05 1.033557421875000000e+05
1.183267078500000025e+03 -2.044618593750000000e+05 1.034045468750000000e+05
1.186393279500000062e+03 -1.668825781250000000e+05 1.049525390625000000e+05
1.189519480500000100e+03 -1.434901250000000000e+05 1.047196093750000000e+05
1.192645681499999910e+03 -1.337025937500000000e+05 1.044164140625000000e+05
1.195771882500000174e+03 -6.838536718750000000e+04 1.019095625000000000e+05
1.198898083499999984e+03 -2.307372851562500000e+04 9.941926562500000000e+04
1.202024284500000022e+03 -2.720024023437500000e+04 9.814339843750000000e+04
1.205150485500000286e+03 -9.116808593750000000e+03 9.544957031250000000e+04
1.208276686500000096e+03 -1.336526855468750000e+04 9.508672656250000000e+04
1.211402887500000134e+03 9.468604492187500000e+03 9.539134375000000000e+04
1.214529088499999943e+03 -3.329307421875000000e+04 9.643313281250000000e+04
1.217655289500000208e+03 1.499213378906250000e+04 9.759482812500000000e+04
1.220781490500000245e+03 3.416865234375000000e+04 9.955780468750000000e+04
1.223907691500000055e+03 -2.999575195312500000e+04 9.586256250000000000e+04
1.227033892500000093e+03 -3.447784765625000000e+04 9.749003125000000000e+04
1.230160093499999903e+03 -1.329112792968750000e+04 9.272504687500000000e+04
1.233286294500000167e+03 -8.470357031250000000e+04 9.398726562500000000e+04
1.236412495500000205e+03 -1.089341250000000000e+05 9.768891406250000000e+04
1.239538696500000015e+03 -8.294640625000000000e+04 9.704943750000000000e+04
1.242664897500000279e+03 -1.769555625000000000e+05 9.760209375000000000e+04
1.245791098500000089e+03 -1.437366406250000000e+05 9.858650000000000000e+04
1.248917299500000126e+03 -1.061226875000000000e+05 9.781153906250000000e+04
1.252043500499999936e+03 -1.403249687500000000e+05 9.905744531250000000e+04
1.255169701500000201e+03 -1.281585625000000000e+05 1.008693125000000000e+05
1.258295902500000238e+03 -2.057619335937500000e+04 9.905501562500000000e+04
1.261422103500000048e+03 -1.869244140625000000e+04 1.002513046875000000e+05
1.264548304500000086e+03 3.251096679687500000e+04 1.015388671875000000e+05
1.267674505499999896e+03 1.251573593750000000e+05 9.809837500000000000e+04
1.270800706500000160e+03 1.780752343750000000e+05 9.620168750000000000e+04
1.273926907500000198e+03 1.867510468750000000e+05 9.446418750000000000e+04
1.277053108500000008e+03 2.245885937500000000e+05 9.433604687500000000e+04
1.280179309500000272e+03 1.997128593750000000e+05 9.375405468750000000e+04
1.283305510500000082e+03 1.688250156250000000e+05 9.418077343750000000e+04
1.286431711500000119e+03 1.588265000000000000e+05 9.415196093750000000e+04
1.289557912499999929e+03 1.008938125000000000e+05 9.568180468750000000e+04
1.292684113500000194e+03 5.947719531250000000e+04 9.570552343750000000e+04
1.295810314500000231e+03 5.458646093750000000e+04 9.825106250000000000e+04
1.298936515500000041e+03 7.417454589843750000e+03 9.863336718750000000e+04
1.302062716500000079e+03 -4.002300781250000000e+04 9.751075781250000000e+04
1.305188917500000116e+03 -7.661117187500000000e+03 9.690553906250000000e+04
1.308315118500000153e+03 -1.948808789062500000e+04 9.461625000000000000e+04
1.311441319500000191e+03 -8.565482812500000000e+04 9.165499218750000000e+04
1.314567520500000001e+03 -9.347827343750000000e+04 9.234032031250000000e+04
1.317693721499999810e+03 -1.188249140625000000e+05 9.198656250000000000e+04
1.320819922500000075e+03 -1.431429531250000000e+05 9.496750000000000000e+04
1.323946123500000112e+03 -1.020657500000000000e+05 9.709665625000000000e+04
1.327072324500000377e+03 -3.526050390625000000e+04 9.622967187500000000e+04
1.330198525500000187e+03 -3.978828515625000000e+04 9.807309375000000000e+04
1.333324726499999997e+03 2.139854296875000000e+04 9.912054687500000000e+04
1.336450927500000034e+03 1.076563046875000000e+05 9.887596875000000000e+04
1.339577128500000072e+03 9.287919531250000000e+04 1.004225312500000000e+05
1.342703329500000336e+03 8.106674218750000000e+04 1.014133046875000000e+05
1.345829530500000146e+03 1.122667968750000000e+05 1.004764687500000000e+05
1.348955731499999956e+03 7.925842187500000000e+04 1.017012890625000000e+05
1.352081932499999994e+03 9.948982812500000000e+04 1.039582031250000000e+05
1.355208133500000258e+03 1.052198437500000000e+05 1.033382578125000000e+05
1.358334334500000068e+03 9.026643750000000000e+04 1.037193593750000000e+05
1.361460535500000105e+03 8.513542968750000000e+04 1.055224218750000000e+05
1.364586736499999915e+03 7.011712500000000000e+04 1.024267421875000000e+05
1.367712937500000180e+03 3.049188867187500000e+04 1.020324765625000000e+05
1.370839138500000217e+03 6.466506250000000000e+04 1.036811640625000000e+05
1.373965339500000027e+03 -1.860579296875000000e+04 1.021318125000000000e+05
1.377091540500000065e+03 -2.001766992187500000e+04 1.010752968750000000e+05
1.380217741500000102e+03 -4.384356640625000000e+04 1.003437578125000000e+05
1.383343942500000139e+03 -7.867568750000000000e+04 9.450001562500000000e+04
1.386470143500000177e+03 -8.369020312500000000e+04 9.585771093750000000e+04
1.389596344499999987e+03 -1.089743984375000000e+05 9.296580468750000000e+04
1.392722545500000024e+03 -1.191465390625000000e+05 9.076452343750000000e+04
1.395848746500000061e+03 -1.116938671875000000e+05 9.006897656250000000e+04
1.398974947500000098e+03 -1.103754375000000000e+05 9.168650000000000000e+04
1.402101148500000363e+03 -7.076892187500000000e+04 9.243586718750000000e+04
1.405227349500000173e+03 -4.955819140625000000e+04 9.104750781250000000e+04
1.408353550499999983e+03 -2.059779492187500000e+04 9.122929687500000000e+04
1.411479751500000020e+03 -4.151292578125000000e+04 9.193756250000000000e+04
1.414605952500000285e+03 2.112305273437500000e+04 9.353973437500000000e+04
1.417732153500000322e+03 -4.568169921875000000e+04 9.589720312500000000e+04
1.420858354500000132e+03 -3.818055078125000000e+04 9.657594531250000000e+04
1.423984555499999942e+03 -6.656791992187500000e+02 9.715586718750000000e+04
1.427110756499999979e+03 -4.666281250000000000e+04 9.628227343750000000e+04
1.430236957500000244e+03 1.634514453125000000e+04 9.524230468750000000e+04
1.433363158500000054e+03 2.120341601562500000e+04 9.447466406250000000e+04
1.436489359500000091e+03 3.207601562500000000e+04 9.474784375000000000e+04
1.439615560499999901e+03 7.801236718750000000e+04 9.441878125000000000e+04
1.442741761500000166e+03 7.111027343750000000e+04 9.602175000000000000e+04
1.445867962500000203e+03 1.619447167968750000e+04 9.664164062500000000e+04
1.448994163500000013e+03 -2.087872070312500000e+04 9.670328906250000000e+04
1.452120364500000278e+03 -7.916475000000000000e+04 9.599069531250000000e+04
1.455246565500000088e+03 -1.168501171875000000e+05 9.405775781250000000e+04
1.458372766500000125e+03 -1.298479375000000000e+05 9.400449218750000000e+04
1.461498967500000163e+03 -1.589725312500000000e+05 9.477505468750000000e+04
1.464625168499999972e+03 -1.305263125000000000e+05 9.541139062500000000e+04
1.467751369500000010e+03 -1.871742968750000000e+05 9.578667968750000000e+04
1.470877570500000047e+03 -1.629202968750000000e+05 9.578781250000000000e+04
1.474003771500000084e+03 -1.339603437500000000e+05 9.346603906250000000e+04
1.477129972500000349e+03 -1.277139609375000000e+05 9.431775000000000000e+04
1.480256173500000159e+03 -1.461025781250000000e+05 9.344646875000000000e+04
1.483382374499999969e+03 -8.039155468750000000e+04 9.425026562500000000e+04
1.486508575500000006e+03 -1.086735546875000000e+05 9.362122656250000000e+04
1.489634776500000271e+03 -1.299026250000000000e+05 9.330318750000000000e+04
1.492760977500000308e+03 -1.285543984375000000e+05 9.428191406250000000e+04
1.495887178500000118e+03 -1.047069296875000000e+05 9.177139843750000000e+04
1.499013379499999928e+03 -8.432192187500000000e+04 9.352634375000000000e+04
1.502139580500000193e+03 -7.440063281250000000e+04 9.178499218750000000e+04
1.505265781500000230e+03 -3.470975781250000000e+04 8.948796875000000000e+04
1.508391982500000040e+03 1.156309277343750000e+04 8.869065625000000000e+04
1.511518183500000077e+03 1.384280639648437500e+03 8.918154687500000000e+04
1.514644384499999887e+03 5.301093359375000000e+04 8.935897656250000000e+04
1.517770585500000152e+03 9.780262500000000000e+04 9.061966406250000000e+04
1.520896786500000189e+03 1.391999531250000000e+05 9.085602343750000000e+04
1.524022987499999999e+03 1.416211250000000000e+05 9.031355468750000000e+04
1.527149188500000264e+03 1.648240937500000000e+05 8.802973437500000000e+04
1.530275389500000074e+03 1.533822812500000000e+05 8.615521093750000000e+04
1.533401590500000111e+03 1.521113906250000000e+05 8.496257031250000000e+04
1.536527791500000149e+03 1.748337968750000000e+05 8.443079687500000000e+04
1.539653992500000186e+03 1.473105937500000000e+05 8.556703125000000000e+04
1.542780193499999996e+03 1.699174687500000000e+05 8.489307031250000000e+04
1.545906394500000033e+03 1.314226718750000000e+05 8.369882812500000000e+04
1.549032595500000070e+03 1.270136953125000000e+05 8.437396093750000000e+04
1.552158796500000335e+03 8.578328906250000000e+04 8.509107031250000000e+04
1.555284997500000145e+03 5.193826953125000000e+04 8.364955468750000000e+04
1.558411198499999955e+03 5.789208007812500000e+03 8.710152343750000000e+04
1.561537399499999992e+03 -2.448821289062500000e+04 8.649590625000000000e+04
1.564663600500000257e+03 -4.718069140625000000e+04 8.720017968750000000e+04
1.567789801500000294e+03 -5.819865234375000000e+04 8.738303906250000000e+04
1.570916002500000104e+03 -5.730877734375000000e+04 8.634223437500000000e+04
1.574042203499999914e+03 -4.488464062500000000e+04 8.652442968750000000e+04
1.577168404500000179e+03 -8.226058593750000000e+04 8.770327343750000000e+04
1.580294605500000216e+03 -2.210258984375000000e+04 8.827610156250000000e+04
1.583420806500000026e+03 -2.267230664062500000e+04 8.822769531250000000e+04
1.586547007500000063e+03 -7.394775781250000000e+04 8.812034375000000000e+04
1.589673208500000101e+03 -5.492042480468750000e+03 8.986285156250000000e+04
1.592799409500000138e+03 -2.787709375000000000e+04 8.677625000000000000e+04
1.595925610500000175e+03 -2.152041992187500000e+04 8.549911718750000000e+04
1.599051811499999985e+03 3.229653320312500000e+04 8.517062500000000000e+04
1.602178012500000250e+03 2.383406054687500000e+04 8.267257812500000000e+04
1.605304213500000060e+03 -2.171581835937500000e+04 8.437796093750000000e+04
1.608430414500000097e+03 3.809470703125000000e+04 8.544090625000000000e+04
1.611556615500000362e+03 3.924896093750000000e+04 8.694731250000000000e+04
1.614682816500000172e+03 4.899008593750000000e+04 8.848706250000000000e+04
1.617809017500000209e+03 1.109331875000000000e+05 8.716418750000000000e+04
1.620935218500000019e+03 1.180908984375000000e+05 8.814635937500000000e+04
1.624061419500000056e+03 1.278260937500000000e+05 8.957471093750000000e+04
1.627187620500000321e+03 1.482407812500000000e+05 8.974382812500000000e+04
1.630313821500000131e+03 1.673120312500000000e+05 9.253605468750000000e+04
1.633440022499999941e+03 1.941229531250000000e+05 9.431091406250000000e+04
1.636566223499999978e+03 2.448522656250000000e+05 9.266857031250000000e+04
1.639692424500000243e+03 2.660258437500000000e+05 9.283919531250000000e+04
1.642818625500000280e+03 2.570466718750000000e+05 9.160818750000000000e+04
1.645944826500000090e+03 2.788377187500000000e+05 8.953328906250000000e+04
1.649071027499999900e+03 2.610642187500000000e+05 8.943024218750000000e+04
1.652197228500000165e+03 2.472804218750000000e+05 8.759394531250000000e+04
1.655323429500000202e+03 2.588519375000000000e+05 8.536404687500000000e+04
1.658449630500000239e+03 2.404545156250000000e+05 8.575551562500000000e+04
1.661575831500000049e+03 2.333697656250000000e+05 8.554388281250000000e+04
1.664702032500000087e+03 2.109677656250000000e+05 8.584342187500000000e+04
1.667828233500000124e+03 1.628408906250000000e+05 8.576317968750000000e+04
1.670954434500000161e+03 1.784479375000000000e+05 8.330876562500000000e+04
1.674080635499999971e+03 1.713531250000000000e+05 8.413667968750000000e+04
1.677206836500000236e+03 1.374136875000000000e+05 8.254942968750000000e+04
1.680333037500000046e+03 1.707657343750000000e+05 8.176135156250000000e+04
1.683459238500000083e+03 1.964056875000000000e+05 8.493012500000000000e+04
1.686585439500000348e+03 1.818884843750000000e+05 8.393193750000000000e+04
1.689711640500000158e+03 2.009817343750000000e+05 8.382140625000000000e+04
1.692837841500000195e+03 2.417163750000000000e+05 8.506414062500000000e+04
1.695964042500000005e+03 2.036474843750000000e+05 8.654085156250000000e+04
1.699090243500000042e+03 1.771512812500000000e+05 8.682331250000000000e+04
1.702216444500000307e+03 1.404659218750000000e+05 8.782889062500000000e+04
1.705342645500000117e+03 1.033905390625000000e+05 8.764727343750000000e+04
1.708468846499999927e+03 5.070483593750000000e+04 8.834153906250000000e+04
1.711595047499999964e+03 -1.441543212890625000e+03 8.952007031250000000e+04
1.714721248500000229e+03 -6.649179687500000000e+03 8.977222656250000000e+04
1.717847449500000266e+03 -1.434372070312500000e+04 9.094930468750000000e+04
1.720973650500000076e+03 -1.377257421875000000e+04 9.160346875000000000e+04
1.724099851499999886e+03 -4.344899609375000000e+04 9.007950781250000000e+04
1.727226052500000151e+03 -6.684310156250000000e+04 8.985310937500000000e+04
1.730352253500000188e+03 -8.605300781250000000e+04 8.907903125000000000e+04
1.733478454500000225e+03 -1.359532343750000000e+05 8.704378906250000000e+04
1.736604655500000263e+03 -1.583391875000000000e+05 8.513255468750000000e+04
1.739730856500000073e+03 -9.742363281250000000e+04 8.416560937500000000e+04
1.742857057500000110e+03 -1.727907187500000000e+05 8.378972656250000000e+04
1.745983258500000147e+03 -1.446787343750000000e+05 8.432590625000000000e+04
1.749109459499999957e+03 -1.759687968750000000e+05 8.317135937500000000e+04
1.752235660500000222e+03 -1.453321093750000000e+05 8.335097656250000000e+04
1.755361861500000032e+03 -1.717767187500000000e+05 8.197309375000000000e+04
1.758488062500000069e+03 -1.688100000000000000e+05 8.104720312500000000e+04
1.761614263500000334e+03 -1.501737812500000000e+05 8.034037500000000000e+04
1.764740464500000144e+03 -1.833492500000000000e+05 7.804395312500000000e+04
1.767866665500000181e+03 -1.749117968750000000e+05 7.961302343750000000e+04
1.770992866499999991e+03 -1.194446093750000000e+05 7.867286718750000000e+04
1.774119067500000256e+03 -1.258437890625000000e+05 7.765733593750000000e+04
1.777245268500000293e+03 -5.915746093750000000e+04 7.961707031250000000e+04
1.780371469500000103e+03 -2.359287304687500000e+04 7.998741406250000000e+04
1.783497670499999913e+03 -1.904564257812500000e+04 8.246172656250000000e+04
1.786623871499999950e+03 -2.413167187500000000e+04 8.373045312500000000e+04
1.789750072500000215e+03 -3.788940625000000000e+04 8.546348437500000000e+04
1.792876273500000252e+03 -1.014814531250000000e+05 8.627834375000000000e+04
1.796002474500000062e+03 -1.105019453125000000e+05 8.728636718750000000e+04
1.799128675499999872e+03 -1.751124843750000000e+05 8.510464843750000000e+04
1.802254876500000137e+03 -1.571757343750000000e+05 8.509951562500000000e+04
1.805381077500000174e+03 -1.679695625000000000e+05 8.592820312500000000e+04
1.808507278500000211e+03 -2.051867656250000000e+05 8.447362500000000000e+04
1.811633479500000249e+03 -2.118128437500000000e+05 8.277239062500000000e+04
1.814759680500000059e+03 -2.271081250000000000e+05 8.590716406250000000e+04
1.817885881500000096e+03 -2.601955937500000000e+05 8.293367187500000000e+04
1.821012082500000133e+03 -2.479461875000000000e+05 8.231113281250000000e+04
1.824138283500000171e+03 -2.117148750000000000e+05 8.393520312500000000e+04
1.827264484500000208e+03 -2.045253281250000000e+05 8.028695312500000000e+04
1.830390685500000018e+03 -1.604075000000000000e+05 8.034118750000000000e+04
1.833516886500000055e+03 -1.458406875000000000e+05 8.108358593750000000e+04
1.836643087500000320e+03 -1.131248281250000000e+05 8.011595312500000000e+04
1.839769288500000130e+03 -8.220135937500000000e+04 8.100722656250000000e+04
1.842895489500000167e+03 -1.331943593750000000e+05 8.195991406250000000e+04
1.846021690499999977e+03 -1.136908828125000000e+05 8.256653125000000000e+04
1.849147891500000242e+03 -1.775276250000000000e+05 8.429578125000000000e+04
1.852274092500000279e+03 -1.659097187500000000e+05 8.512689062500000000e+04
1.855400293500000089e+03 -1.463464531250000000e+05 8.614143750000000000e+04
1.858526494499999899e+03 -1.389137656250000000e+05 8.588181250000000000e+04
1.861652695500000164e+03 -1.294477421875000000e+05 8.603939843750000000e+04
1.864778896500000201e+03 -1.242624218750000000e+05 8.699163281250000000e+04
1.867905097500000238e+03 -1.177179531250000000e+05 8.654158593750000000e+04
1.871031298500000048e+03 -9.793586718750000000e+04 8.685776562500000000e+04
1.874157499499999858e+03 -1.158516796875000000e+05 8.559940625000000000e+04
1.877283700500000123e+03 -1.120656718750000000e+05 8.468072656250000000e+04
1.880409901500000160e+03 -1.023388750000000000e+05 8.666747656250000000e+04
1.883536102500000425e+03 -9.835777343750000000e+04 8.572319531250000000e+04
1.886662303500000235e+03 -5.468673828125000000e+04 8.636607031250000000e+04
1.889788504500000045e+03 5.235604980468750000e+03 8.777189843750000000e+04
1.892914705500000082e+03 1.314925976562500000e+04 8.377025000000000000e+04
1.896040906500000119e+03 3.904081640625000000e+04 8.299256250000000000e+04
1.899167107500000157e+03 7.369529687500000000e+04 8.248878906250000000e+04
1.902293308500000194e+03 5.744766796875000000e+04 8.069560156250000000e+04
1.905419509500000004e+03 6.595559375000000000e+04 8.253777343750000000e+04
1.908545710500000041e+03 7.444219531250000000e+04 8.650607812500000000e+04
1.911671911500000306e+03 8.224820312500000000e+04 8.714231250000000000e+04
1.914798112500000116e+03 3.396830078125000000e+04 9.152117187500000000e+04
1.917924313500000153e+03 1.571327270507812500e+03 9.257660937500000000e+04
1.921050514499999963e+03 7.663630371093750000e+02 9.196760937500000000e+04
1.924176715500000228e+03 -4.666522265625000000e+04 9.225175781250000000e+04
1.927302916500000265e+03 -7.108435156250000000e+04 9.201569531250000000e+04
1.930429117500000075e+03 -6.545902343750000000e+04 9.028121093750000000e+04
1.933555318499999885e+03 -1.043512031250000000e+05 8.788374218750000000e+04
1.936681519500000149e+03 -6.965138281250000000e+04 8.874022656250000000e+04
1.939807720500000187e+03 -7.805353125000000000e+04 8.730140625000000000e+04
1.942933921500000224e+03 -7.938266406250000000e+04 8.694397656250000000e+04
1.946060122500000034e+03 -7.325478125000000000e+04 8.833552343750000000e+04
1.949186323500000071e+03 -5.874016015625000000e+04 8.723614062500000000e+04
1.952312524500000109e+03 -2.992106835937500000e+04 8.656906250000000000e+04
1.955438725500000146e+03 -2.018976757812500000e+04 8.705913281250000000e+04
1.958564926500000411e+03 8.009827343750000000e+04 8.573472656250000000e+04
1.961691127500000221e+03 5.641944140625000000e+04 8.461828125000000000e+04
1.964817328500000031e+03 8.753885156250000000e+04 8.624835937500000000e+04
1.967943529500000068e+03 1.161429531250000000e+05 8.431335156250000000e+04
1.971069730500000333e+03 1.380137656250000000e+05 8.354677343750000000e+04
1.974195931500000142e+03 1.654660625000000000e+05 8.175123437500000000e+04
1.977322132500000180e+03 1.709969375000000000e+05 8.162909375000000000e+04
1.980448333499999990e+03 1.681305781250000000e+05 8.006345312500000000e+04
1.983574534500000027e+03 1.662611562500000000e+05 8.051390625000000000e+04
1.986700735500000292e+03 1.440426718750000000e+05 8.101621093750000000e+04
1.989826936500000102e+03 1.289860625000000000e+05 8.014426562500000000e+04
1.992953137500000139e+03 1.497951406250000000e+05 8.165552343750000000e+04
1.996079338499999949e+03 2.008841875000000000e+05 8.043304687500000000e+04
1.999205539500000214e+03 1.970912812500000000e+05 8.085273437500000000e+04
2.002331740500000251e+03 1.966315468750000000e+05 7.979269531250000000e+04
2.005457941500000061e+03 2.244779687500000000e+05 7.938639062500000000e+04
2.008584142500000326e+03 1.708536250000000000e+05 7.930173437500000000e+04
2.011710343500000135e+03 1.974230156250000000e+05 8.006678125000000000e+04
2.014836544500000173e+03 1.897062031250000000e+05 8.081397656250000000e+04
2.017962745500000210e+03 1.809737968750000000e+05 8.110533593750000000e+04
2.021088946500000247e+03 1.948345468750000000e+05 8.117427343750000000e+04
2.024215147500000057e+03 2.234356406250000000e+05 8.313998437500000000e+04
2.027341348500000095e+03 1.855739375000000000e+05 8.341303906250000000e+04
2.030467549500000132e+03 2.096894843750000000e+05 8.354275000000000000e+04
2.033593750500000397e+03 1.730580468750000000e+05 8.389197656250000000e+04
2.036719951500000207e+03 1.697323125000000000e+05 8.364457812500000000e+04
2.039846152500000017e+03 1.457039375000000000e+05 8.148511718750000000e+04
2.042972353500000054e+03 1.451193281250000000e+05 7.986468750000000000e+04
2.046098554500000319e+03 1.017042265625000000e+05 7.898468750000000000e+04
2.049224755500000356e+03 1.358926093750000000e+05 7.785253125000000000e+04
2.052350956500000393e+03 1.106704375000000000e+05 7.862427343750000000e+04
2.055477157499999976e+03 1.011099687500000000e+05 7.759393750000000000e+04
2.058603358500000013e+03 1.060831171875000000e+05 7.885428906250000000e+04
2.061729559500000050e+03 6.887352343750000000e+04 7.895625781250000000e+04
2.064855760500000088e+03 8.253139843750000000e+04 8.020430468750000000e+04
2.067981961500000125e+03 6.634715625000000000e+04 7.953614062500000000e+04
2.071108162500000162e+03 1.144224921875000000e+05 7.818446093750000000e+04
2.074234363500000200e+03 1.539244218750000000e+05 7.948167187500000000e+04
2.077360564500000237e+03 2.028099531250000000e+05 7.951623437500000000e+04
2.080486765500000274e+03 1.687056875000000000e+05 8.000810156250000000e+04
2.083612966500000311e+03 2.033897812500000000e+05 7.974453125000000000e+04
2.086739167499999894e+03 2.032910156250000000e+05 8.038961718750000000e+04
2.089865368500000386e+03 2.115122500000000000e+05 7.974610937500000000e+04
2.092991569500000423e+03 2.299619375000000000e+05 8.009080468750000000e+04
2.096117770500000006e+03 2.250505468750000000e+05 7.909126562500000000e+04
2.099243971500000043e+03 2.298114218750000000e+05 7.689828906250000000e+04
2.102370172500000081e+03 2.229829375000000000e+05 7.571060156250000000e+04
2.105496373500000118e+03 1.842945781250000000e+05 7.511680468750000000e+04
2.108622574500000155e+03 1.727877656250000000e+05 7.495714062500000000e+04
2.111748775500000193e+03 1.022137968750000000e+05 7.602292187500000000e+04
2.114874976499999775e+03 7.121220312500000000e+04 7.650611718750000000e+04
2.118001177500000267e+03 1.026350156250000000e+05 7.706411718750000000e+04
2.121127378500000304e+03 9.391504687500000000e+04 7.676440625000000000e+04
2.124253579500000342e+03 9.978125000000000000e+04 7.711967968750000000e+04
2.127379780500000379e+03 1.207956718750000000e+05 7.486615625000000000e+04
2.130505981499999962e+03 1.083216171875000000e+05 7.455064843750000000e+04
2.133632182499999999e+03 1.016181015625000000e+05 7.290592187500000000e+04
2.136758383500000036e+03 5.340821093750000000e+04 7.248445312500000000e+04
2.139884584500000074e+03 6.878562500000000000e+04 7.299104687500000000e+04
2.143010785500000111e+03 5.824141796875000000e+04 7.349913281250000000e+04
2.146136986500000148e+03 5.571580859375000000e+04 7.453999218750000000e+04
2.149263187500000186e+03 3.829432812500000000e+04 7.591021093750000000e+04
2.152389388500000223e+03 1.464084277343750000e+04 7.757571093750000000e+04
2.155515589500000260e+03 -2.654082812500000000e+04 7.849056250000000000e+04
2.158641790500000297e+03 -3.860719140625000000e+04 8.035902343750000000e+04
2.161767991499999880e+03 -6.370600781250000000e+04 7.903739843750000000e+04
2.164894192500000372e+03 -8.224050781250000000e+04 7.953952343750000000e+04
2.168020393500000409e+03 -6.273827343750000000e+04 7.875419531250000000e+04
2.171146594499999992e+03 -9.077621875000000000e+04 7.973889062500000000e+04
2.174272795500000029e+03 -1.023611718750000000e+05 7.877567187500000000e+04
2.177398996500000067e+03 -7.657575781250000000e+04 7.881875781250000000e+04
2.180525197500000104e+03 -5.803668750000000000e+04 7.629177343750000000e+04
2.183651398500000141e+03 -4.138885156250000000e+04 7.608017187500000000e+04
2.186777599500000179e+03 1.270432910156250000e+04 7.403762500000000000e+04
2.189903800500000216e+03 3.563563671875000000e+04 7.310397656250000000e+04
2.193030001500000253e+03 2.985489843750000000e+04 7.443271875000000000e+04
2.196156202500000290e+03 6.166328515625000000e+04 7.324745312500000000e+04
2.199282403500000328e+03 6.458081640625000000e+04 7.317804687500000000e+04
2.202408604500000365e+03 4.411083984375000000e+04 7.484420312500000000e+04
2.205534805499999948e+03 5.530470312500000000e+04 7.449325781250000000e+04
2.208661006499999985e+03 -9.179600585937500000e+03 7.486742187500000000e+04
2.211787207500000477e+03 -1.105863085937500000e+04 7.628036718750000000e+04
2.214913408500000060e+03 -6.127487109375000000e+04 7.667026562500000000e+04
2.218039609500000097e+03 -8.633607812500000000e+04 7.716469531250000000e+04
2.221165810500000134e+03 -1.237642812500000000e+05 7.785327343750000000e+04
2.224292011500000172e+03 -1.301263906250000000e+05 7.601384375000000000e+04
2.227418212500000209e+03 -1.506520312500000000e+05 7.691282812500000000e+04
2.230544413500000246e+03 -1.638194687500000000e+05 7.592764062500000000e+04
2.233670614500000283e+03 -1.371845312500000000e+05 7.672757031250000000e+04
2.236796815499999866e+03 -1.445019062500000000e+05 7.574265625000000000e+04
2.239923016500000358e+03 -1.333405937500000000e+05 7.591349218750000000e+04
2.243049217500000395e+03 -8.504903125000000000e+04 7.613691406250000000e+04
2.246175418499999978e+03 -5.904673437500000000e+04 7.689938281250000000e+04
2.249301619500000015e+03 -2.265026367187500000e+04 7.525025000000000000e+04
2.252427820500000053e+03 3.503728515625000000e+04 7.612029687500000000e+04
2.255554021500000090e+03 8.632395312500000000e+04 7.524768750000000000e+04
2.258680222500000127e+03 1.266054921875000000e+05 7.426442968750000000e+04
2.261806423500000164e+03 1.445983906250000000e+05 7.447771093750000000e+04
2.264932624500000202e+03 1.985512812500000000e+05 7.428332031250000000e+04
2.268058825500000239e+03 2.005985000000000000e+05 7.265306250000000000e+04
2.271185026500000276e+03 2.147466250000000000e+05 7.353349218750000000e+04
2.274311227500000314e+03 2.136367812500000000e+05 7.418415625000000000e+04
2.277437428500000351e+03 1.928809062500000000e+05 7.440051562500000000e+04
2.280563629499999934e+03 1.806939843750000000e+05 7.499882031250000000e+04
2.283689830499999971e+03 1.977861875000000000e+05 7.478002343750000000e+04
2.286816031500000463e+03 2.066083281250000000e+05 7.532257031250000000e+04
2.289942232500000046e+03 2.319778906250000000e+05 7.306546875000000000e+04
2.293068433500000083e+03 2.722318750000000000e+05 7.174235156250000000e+04
2.296194634500000120e+03 2.711329687500000000e+05 7.161408593750000000e+04
2.299320835500000157e+03 2.845302812500000000e+05 7.092476562500000000e+04
2.302447036500000195e+03 2.786279375000000000e+05 7.017143750000000000e+04
2.305573237500000232e+03 2.455802343750000000e+05 7.201534375000000000e+04
2.308699438500000269e+03 1.834553906250000000e+05 7.103450781250000000e+04
2.311825639499999852e+03 1.330126875000000000e+05 7.049590625000000000e+04
2.314951840500000344e+03 4.532318750000000000e+04 7.156073437500000000e+04
2.318078041500000381e+03 4.401140625000000000e+04 7.085448437500000000e+04
2.321204242499999964e+03 2.328516210937500000e+04 7.104700781250000000e+04
2.324330443500000001e+03 -3.511470947265625000e+03 7.108599218750000000e+04
2.327456644500000039e+03 -1.129743750000000000e+04 7.160153906250000000e+04
2.330582845500000076e+03 -1.430516308593750000e+04 7.199238281250000000e+04
2.333709046500000113e+03 -2.999231054687500000e+04 7.005171093750000000e+04
2.336835247500000150e+03 -5.299431250000000000e+04 7.047983593750000000e+04
2.339961448500000188e+03 -2.229087304687500000e+04 6.879632031250000000e+04
2.343087649500000225e+03 -1.035658007812500000e+04 6.969625000000000000e+04
2.346213850500000262e+03 -1.992387207031250000e+03 6.922780468750000000e+04
2.349340051500000300e+03 1.117714941406250000e+04 7.053326562500000000e+04
2.352466252500000337e+03 1.853875195312500000e+04 7.100892968750000000e+04
2.355592453499999920e+03 2.926674804687500000e+04 7.115920312500000000e+04
2.358718654499999957e+03 4.344905468750000000e+04 7.030764062500000000e+04
2.361844855500000449e+03 5.032551953125000000e+04 6.979091406250000000e+04
2.364971056500000032e+03 7.330872656250000000e+04 6.890666406250000000e+04
2.368097257500000069e+03 7.011267187500000000e+04 6.816453125000000000e+04
2.371223458500000106e+03 8.949917968750000000e+04 6.860783593750000000e+04
2.374349659500000143e+03 7.258742187500000000e+04 6.784585937500000000e+04
2.377475860500000181e+03 5.764907812500000000e+04 6.874202343750000000e+04
2.380602061500000218e+03 1.773794531250000000e+04 6.892546875000000000e+04
2.383728262500000255e+03 1.900906219482421875e+02 6.827656250000000000e+04
2.386854463500000293e+03 -2.806080078125000000e+04 6.861667187500000000e+04
2.389980664500000330e+03 -2.651884960937500000e+04 6.857492187500000000e+04
2.393106865500000367e+03 -2.580751757812500000e+04 6.874489062500000000e+04
2.396233066499999950e+03 -4.422764062500000000e+04 6.994709375000000000e+04
2.399359267499999987e+03 -4.365590625000000000e+04 7.100181250000000000e+04
2.402485468500000025e+03 -7.818243750000000000e+04 7.106813281250000000e+04
2.405611669500000062e+03 -8.285852343750000000e+04 7.166879687500000000e+04
2.408737870500000554e+03 -8.863146875000000000e+04 7.306197656250000000e+04
2.411864071500000136e+03 -1.281381328125000000e+05 7.297746093750000000e+04
2.414990272500000174e+03 -1.357717812500000000e+05 7.309125000000000000e+04
2.418116473500000211e+03 -1.390170000000000000e+05 7.296607812500000000e+04
2.421242674500000248e+03 -1.409594218750000000e+05 7.354767187500000000e+04
2.424368875500000286e+03 -9.992269531250000000e+04 7.252129687500000000e+04
2.427495076500000323e+03 -7.407271093750000000e+04 7.386379687500000000e+04
2.430621277499999906e+03 -9.387060937500000000e+04 7.482812500000000000e+04
2.433747478499999943e+03 -4.401530468750000000e+04 7.394637500000000000e+04
2.436873679500000435e+03 -7.152142968750000000e+04 7.424789843750000000e+04
2.439999880500000472e+03 -6.473314062500000000e+04 7.425806250000000000e+04
2.443126081500000055e+03 -5.714914062500000000e+04 7.317859375000000000e+04
2.446252282500000092e+03 -5.944714843750000000e+04 7.233360937500000000e+04
2.449378483500000129e+03 -8.206201562500000000e+04 7.262213281250000000e+04
2.452504684500000167e+03 -7.210296093750000000e+04 7.149064843750000000e+04
2.455630885500000204e+03 -9.735155468750000000e+04 7.108760937500000000e+04
2.458757086500000241e+03 -8.746054687500000000e+04 7.014276562500000000e+04
2.461883287500000279e+03 -8.012305468750000000e+04 6.919404687500000000e+04
2.465009488500000316e+03 -1.017836250000000000e+05 6.819984375000000000e+04
2.468135689500000353e+03 -1.040706328125000000e+05 6.837716406250000000e+04
2.471261890499999936e+03 -6.399073046875000000e+04 6.771142187500000000e+04
2.474388091500000428e+03 -9.108886718750000000e+04 6.684438281250000000e+04
2.477514292500000010e+03 -5.072098437500000000e+04 6.807472656250000000e+04
2.480640493500000048e+03 -5.082919531250000000e+04 6.769380468750000000e+04
2.483766694500000540e+03 -1.079084921875000000e+05 6.748016406250000000e+04
2.486892895500000122e+03 -7.506777343750000000e+04 6.651756250000000000e+04
2.490019096500000160e+03 -1.241907265625000000e+05 6.638713281250000000e+04
2.493145297500000197e+03 -1.420892500000000000e+05 6.705182031250000000e+04
2.496271498500000234e+03 -1.672234062500000000e+05 6.840107031250000000e+04
2.499397699500000272e+03 -1.643147031250000000e+05 6.904598437500000000e+04
2.502523900500000309e+03 -1.642208437500000000e+05 7.059600781250000000e+04
2.505650101499999892e+03 -1.952273281250000000e+05 7.103684375000000000e+04
2.508776302499999929e+03 -1.751471250000000000e+05 7.040588281250000000e+04
2.511902503500000421e+03 -1.856045468750000000e+05 7.104080468750000000e+04
2.515028704500000458e+03 -1.823978750000000000e+05 7.204646093750000000e+04
2.518154905500000041e+03 -1.675405937500000000e+05 7.100750000000000000e+04
2.521281106500000078e+03 -1.500561562500000000e+05 7.146305468750000000e+04
2.524407307500000115e+03 -1.420731718750000000e+05 7.173821093750000000e+04
2.527533508500000153e+03 -1.040691406250000000e+05 6.954808593750000000e+04
2.530659709500000190e+03 -1.056766562500000000e+05 6.998882812500000000e+04
2.533785910500000227e+03 -9.458767968750000000e+04 7.043069531250000000e+04
2.536912111500000265e+03 -5.934408593750000000e+04 6.933278906250000000e+04
2.540038312500000302e+03 -4.415896875000000000e+04 6.884471875000000000e+04
2.543164513500000339e+03 -4.893671484375000000e+04 6.974078906250000000e+04
2.546290714499999922e+03 -6.952167968750000000e+03 6.826363281250000000e+04
2.549416915500000414e+03 -1.733763549804687500e+03 6.908607031250000000e+04
2.552543116499999996e+03 -1.624229296875000000e+04 6.987828125000000000e+04
2.555669317500000034e+03 2.205272656250000000e+04 6.956655468750000000e+04
2.558795518500000526e+03 2.297876367187500000e+04 6.938642187500000000e+04
2.561921719500000108e+03 3.279792578125000000e+04 7.023071093750000000e+04
2.565047920500000146e+03 7.542281250000000000e+04 6.933300781250000000e+04
2.568174121500000183e+03 5.895018359375000000e+04 6.821890625000000000e+04
2.571300322500000220e+03 6.120495312500000000e+04 6.919619531250000000e+04
2.574426523500000258e+03 8.508892187500000000e+04 6.904758593750000000e+04
2.577552724500000295e+03 5.096124609375000000e+04 6.946455468750000000e+04
2.580678925499999878e+03 9.398983593750000000e+04 6.961765625000000000e+04
2.583805126500000370e+03 5.170801953125000000e+04 6.923601562500000000e+04
2.586931327500000407e+03 4.463564843750000000e+04 6.903594531250000000e+04
2.590057528500000444e+03 2.618814843750000000e+04 7.015995312500000000e+04
2.593183729500000027e+03 1.129104370117187500e+03 6.908503125000000000e+04
2.596309930500000064e+03 -2.800225585937500000e+04 6.839145312500000000e+04
2.599436131500000101e+03 -5.990217187500000000e+04 6.837796875000000000e+04
2.602562332500000139e+03 -4.119622656250000000e+04 6.762876562500000000e+04
2.605688533500000631e+03 -7.543057031250000000e+04 6.769871875000000000e+04
2.608814734500000668e+03 -2.645141406250000000e+04 6.665142187500000000e+04
2.611940935500000251e+03 -1.230932226562500000e+04 6.681626562500000000e+04
2.615067136500000288e+03 1.237320703125000000e+04 6.583086718750000000e+04
2.618193337500000325e+03 1.516074707031250000e+04 6.516273828125000000e+04
2.621319538499999908e+03 5.297047265625000000e+04 6.501587500000000000e+04
2.624445739499999945e+03 2.416071484375000000e+04 6.516087109375000000e+04
2.627571940499999982e+03 3.067827539062500000e+04 6.482193359375000000e+04
2.630698141500000020e+03 4.358071484375000000e+04 6.473405078125000000e+04
2.633824342500000512e+03 1.136009472656250000e+04 6.545707031250000000e+04
2.636950543500000549e+03 4.747138183593750000e+03 6.592334375000000000e+04
2.640076744500000132e+03 1.731119726562500000e+04 6.657955468750000000e+04
2.643202945500000169e+03 1.354782812500000000e+04 6.673767187500000000e+04
2.646329146500000206e+03 3.551097656250000000e+04 6.590410156250000000e+04
2.649455347500000244e+03 2.610409765625000000e+04 6.704404687500000000e+04
2.652581548499999826e+03 2.278803710937500000e+04 6.651686718750000000e+04
2.655707749499999863e+03 3.200114843750000000e+04 6.668490625000000000e+04
2.658833950500000356e+03 4.032406005859375000e+03 6.684117968750000000e+04
2.661960151500000393e+03 -3.140314941406250000e+03 6.690107031250000000e+04
2.665086352500000430e+03 9.154593750000000000e+03 6.629253906250000000e+04
2.668212553500000467e+03 2.624587695312500000e+04 6.531771484375000000e+04
2.671338754500000050e+03 1.437427832031250000e+04 6.696698437500000000e+04
2.674464955500000087e+03 1.623616503906250000e+04 6.629077343750000000e+04
2.677591156500000125e+03 6.339125976562500000e+03 6.747877343750000000e+04
2.680717357500000617e+03 1.374252050781250000e+04 6.797703906250000000e+04
2.683843558499999745e+03 -2.060253320312500000e+04 6.708918750000000000e+04
2.686969759500000237e+03 2.043744531250000000e+04 6.734387500000000000e+04
2.690095960500000274e+03 -1.012519531250000000e+04 6.765664062500000000e+04
2.693222161500000311e+03 -1.104623632812500000e+04 6.793764843750000000e+04
2.696348362500000349e+03 -1.910089453125000000e+04 6.719087500000000000e+04
2.699474563499999931e+03 -2.584178906250000000e+04 6.763499218750000000e+04
2.702600764499999968e+03 -2.200323632812500000e+04 6.674351562500000000e+04
2.705726965500000006e+03 8.430864257812500000e+02 6.521394921875000000e+04
2.708853166500000498e+03 1.138104882812500000e+04 6.555461718750000000e+04
2.711979367500000080e+03 3.649663671875000000e+04 6.503608203125000000e+04
2.715105568500000118e+03 2.638245312500000000e+04 6.409214843750000000e+04
2.718231769500000155e+03 6.033301953125000000e+04 6.420894921875000000e+04
2.721357970500000192e+03 3.543558593750000000e+04 6.290388281250000000e+04
2.724484171500000230e+03 8.549858593750000000e+04 6.343739453125000000e+04
2.727610372500000267e+03 9.754817187500000000e+04 6.420869531250000000e+04
2.730736573499999849e+03 1.057858828125000000e+05 6.422497265625000000e+04
2.733862774500000342e+03 8.769412500000000000e+04 6.413560937500000000e+04
2.736988975500000379e+03 1.240156171875000000e+05 6.442914453125000000e+04
2.740115176500000416e+03 6.220730468750000000e+04 6.477864843750000000e+04
2.743241377499999999e+03 2.533898828125000000e+04 6.488093359375000000e+04
2.746367578500000036e+03 4.297472167968750000e+03 6.588575000000000000e+04
2.749493779500000073e+03 -2.260038281250000000e+04 6.565434375000000000e+04
2.752619980500000111e+03 -7.179214843750000000e+04 6.436218359375000000e+04
2.755746181500000603e+03 -4.813789453125000000e+04 6.442769140625000000e+04
2.758872382500000640e+03 -4.801033593750000000e+04 6.401433203125000000e+04
2.761998583500000223e+03 -6.435333203125000000e+04 6.534517578125000000e+04
2.765124784500000260e+03 -3.993391796875000000e+04 6.585444531250000000e+04
2.768250985500000297e+03 -6.131269042968750000e+03 6.674731250000000000e+04
2.771377186499999880e+03 5.633688964843750000e+03 6.696979687500000000e+04
2.774503387499999917e+03 5.103350390625000000e+04 6.648529687500000000e+04
2.777629588499999954e+03 6.296013281250000000e+04 6.602928125000000000e+04
2.780755789499999992e+03 8.053016406250000000e+04 6.653167187500000000e+04
2.783881990500000484e+03 8.692857812500000000e+04 6.684732031250000000e+04
2.787008191500000521e+03 9.563708593750000000e+04 6.680917187500000000e+04
2.790134392500000104e+03 7.685456250000000000e+04 6.698635937500000000e+04
2.793260593500000141e+03 1.101480468750000000e+05 6.609883593750000000e+04
2.796386794500000178e+03 1.256114218750000000e+05 6.610280468750000000e+04
2.799512995500000216e+03 1.226712265625000000e+05 6.591421093750000000e+04
2.802639196499999798e+03 1.144855546875000000e+05 6.616648437500000000e+04
2.805765397499999835e+03 1.311858593750000000e+05 6.669699218750000000e+04
2.808891598500000327e+03 7.072803125000000000e+04 6.714056250000000000e+04
2.812017799500000365e+03 8.313498437500000000e+04 6.787789843750000000e+04
2.815144000500000402e+03 1.085569765625000000e+05 6.820998437500000000e+04
2.818270201500000439e+03 7.363652343750000000e+04 6.799421093750000000e+04
2.821396402500000022e+03 9.812216406250000000e+04 6.828955468750000000e+04
2.824522603500000059e+03 1.137100703125000000e+05 6.913304687500000000e+04
2.827648804500000097e+03 1.186799140625000000e+05 6.941318750000000000e+04
2.830775005500000589e+03 1.396322187500000000e+05 6.950285156250000000e+04
2.833901206500000171e+03 1.315779687500000000e+05 6.931721875000000000e+04
2.837027407500000209e+03 1.202004218750000000e+05 6.868821875000000000e+04
2.840153608500000246e+03 9.652842187500000000e+04 6.729830468750000000e+04
2.843279809500000283e+03 8.689830468750000000e+04 6.690761718750000000e+04
2.846406010500000320e+03 7.966757812500000000e+04 6.650180468750000000e+04
2.849532211500000358e+03 4.289918750000000000e+04 6.486369140625000000e+04
2.852658412499999940e+03 5.263805468750000000e+04 6.475742968750000000e+04
2.855784613500000432e+03 5.255262890625000000e+04 6.417737890625000000e+04
2.858910814500000470e+03 2.350941210937500000e+04 6.324060937500000000e+04
2.862037015500000052e+03 2.309984179687500000e+04 6.260964843750000000e+04
2.865163216500000090e+03 4.607200390625000000e+04 6.284433203125000000e+04
2.868289417500000127e+03 8.659145507812500000e+03 6.249730078125000000e+04
2.871415618500000164e+03 4.783970214843750000e+03 6.207071484375000000e+04
2.874541819500000202e+03 1.247530468750000000e+04 6.180880468750000000e+04
2.877668020500000694e+03 2.829304199218750000e+03 6.261869921875000000e+04
2.880794221499999821e+03 3.113660351562500000e+04 6.327454296875000000e+04
2.883920422500000313e+03 3.452930859375000000e+04 6.311056250000000000e+04
2.887046623500000351e+03 3.386127734375000000e+04 6.385169921875000000e+04
2.890172824500000388e+03 3.276738671875000000e+04 6.423584375000000000e+04
2.893299025499999971e+03 4.933749609375000000e+04 6.482545312500000000e+04
2.896425226500000008e+03 2.982279687500000000e+04 6.501803515625000000e+04
2.899551427500000045e+03 4.252810937500000000e+04 6.499437500000000000e+04
2.902677628500000083e+03 3.728835937500000000e+04 6.575654687500000000e+04
2.905803829500000575e+03 3.657994921875000000e+04 6.499563671875000000e+04
2.908930030500000612e+03 3.836345312500000000e+04 6.615935937500000000e+04
2.912056231500000195e+03 6.300215625000000000e+04 6.627780468750000000e+04
2.915182432500000232e+03 4.355837500000000000e+04 6.667268750000000000e+04
2.918308633500000269e+03 3.643442968750000000e+04 6.607335156250000000e+04
2.921434834500000306e+03 9.654089843750000000e+04 6.630392187500000000e+04
2.924561035499999889e+03 7.705908593750000000e+04 6.607489843750000000e+04
2.927687236499999926e+03 7.034287500000000000e+04 6.579132031250000000e+04
2.930813437500000418e+03 7.422011718750000000e+04 6.527737500000000000e+04
2.933939638500000456e+03 6.380660937500000000e+04 6.405706640625000000e+04
2.937065839500000493e+03 1.628169433593750000e+04 6.413273437500000000e+04
2.940192040500000076e+03 2.614736914062500000e+04 6.466516796875000000e+04
2.943318241500000113e+03 1.006866210937500000e+04 6.517356640625000000e+04
2.946444442500000150e+03 -1.543455761718750000e+04 6.519868750000000000e+04
2.949570643500000187e+03 -7.596202850341796875e+01 6.455066406250000000e+04
2.952696844499999770e+03 -5.113809765625000000e+04 6.406864453125000000e+04
2.955823045499999807e+03 -9.286893750000000000e+04 6.340632421875000000e+04
2.958949246500000299e+03 -7.994445312500000000e+04 6.259583203125000000e+04
2.962075447500000337e+03 -1.145019609375000000e+05 6.142392578125000000e+04
2.965201648500000374e+03 -1.219443750000000000e+05 6.141908203125000000e+04
2.968327849500000411e+03 -1.215242734375000000e+05 6.093147265625000000e+04
2.971454050499999994e+03 -1.160671640625000000e+05 6.119697265625000000e+04
2.974580251500000031e+03 -1.510251718750000000e+05 6.281028125000000000e+04
2.977706452500000069e+03 -1.473474375000000000e+05 6.248603515625000000e+04
2.980832653500000561e+03 -1.387362343750000000e+05 6.353804296875000000e+04
2.983958854500000143e+03 -1.611617656250000000e+05 6.337846875000000000e+04
2.987085055500000180e+03 -1.516142812500000000e+05 6.366807031250000000e+04
2.990211256500000218e+03 -1.321501406250000000e+05 6.368700781250000000e+04
2.993337457500000255e+03 -1.272089453125000000e+05 6.286180859375000000e+04
2.996463658500000292e+03 -1.543037500000000000e+05 6.291217187500000000e+04
2.999589859500000330e+03 -1.195233515625000000e+05 6.335550781250000000e+04
3.002716060499999912e+03 -1.251551718750000000e+05 6.388737890625000000e+04
3.005842261500000404e+03 -1.314110625000000000e+05 6.374079687500000000e+04
3.008968462500000442e+03 -1.335461250000000000e+05 6.458050390625000000e+04
3.012094663500000024e+03 -1.718827500000000000e+05 6.500408984375000000e+04
3.015220864500000062e+03 -1.679410781250000000e+05 6.524475000000000000e+04
3.018347065500000099e+03 -1.431302656250000000e+05 6.556277343750000000e+04
3.021473266500000136e+03 -1.728503281250000000e+05 6.585680468750000000e+04
3.024599467500000173e+03 -1.863457968750000000e+05 6.528900000000000000e+04
3.027725668500000666e+03 -2.294890156250000000e+05 6.546644531250000000e+04
3.030851869500000248e+03 -2.219943750000000000e+05 6.558082031250000000e+04
3.033978070500000285e+03 -2.518386406250000000e+05 6.559220312500000000e+04
3.037104271500000323e+03 -2.075112031250000000e+05 6.431497265625000000e+04
3.040230472500000360e+03 -2.025335156250000000e+05 6.511721093750000000e+04
3.043356673499999943e+03 -1.929081406250000000e+05 6.422073828125000000e+04
3.046482874499999980e+03 -1.596024218750000000e+05 6.445339453125000000e+04
3.049609075500000017e+03 -1.389384687500000000e+05 6.506210156250000000e+04
3.052735276500000509e+03 -1.319574531250000000e+05 6.510411718750000000e+04
3.055861477500000547e+03 -1.076237656250000000e+05 6.353681640625000000e+04
3.058987678500000584e+03 -7.346602343750000000e+04 6.323028906250000000e+04
3.062113879500000166e+03 -6.894120312500000000e+04 6.252076562500000000e+04
3.065240080500000204e+03 -2.900349023437500000e+04 6.360885937500000000e+04
3.068366281500000241e+03 -2.111266992187500000e+04 6.396058203125000000e+04
3.071492482500000278e+03 1.739634375000000000e+04 6.356163281250000000e+04
3.074618683499999861e+03 5.758092187500000000e+04 6.290675781250000000e+04
3.077744884499999898e+03 6.188837109375000000e+04 6.294016015625000000e+04
3.080871085500000390e+03 8.015754687500000000e+04 6.251707031250000000e+04
3.083997286500000428e+03 1.025820546875000000e+05 6.269166796875000000e+04
3.087123487500000465e+03 7.813472656250000000e+04 6.294035546875000000e+04
3.090249688500000047e+03 6.487606250000000000e+04 6.345553125000000000e+04
3.093375889500000085e+03 9.059098437500000000e+04 6.358764453125000000e+04
3.096502090500000122e+03 6.659399218750000000e+04 6.392800000000000000e+04
3.099628291500000159e+03 5.448941796875000000e+04 6.407553125000000000e+04
3.102754492499999742e+03 5.961879687500000000e+04 6.317623046875000000e+04
3.105880693500000234e+03 4.779730859375000000e+04 6.305719531250000000e+04
3.109006894500000271e+03 2.167913476562500000e+04 6.245644921875000000e+04
3.112133095500000309e+03 2.048323632812500000e+04 6.260144921875000000e+04
3.115259296500000346e+03 -1.128226464843750000e+04 6.307720703125000000e+04
3.118385497500000383e+03 1.425554687500000000e+04 6.340684765625000000e+04
3.121511698499999966e+03 3.467007812500000000e+04 6.261547265625000000e+04
3.124637899500000003e+03 1.510734179687500000e+04 6.295019921875000000e+04
3.127764100500000495e+03 3.062336132812500000e+04 6.344995703125000000e+04
3.130890301500000533e+03 4.625248046875000000e+04 6.236858593750000000e+04
3.134016502500000115e+03 5.298746484375000000e+04 6.314505078125000000e+04
3.137142703500000152e+03 5.061132812500000000e+04 6.368671093750000000e+04
3.140268904500000190e+03 3.255424218750000000e+04 6.380252734375000000e+04
3.143395105500000227e+03 3.072751953125000000e+04 6.409845703125000000e+04
3.146521306500000264e+03 3.167125000000000000e+04 6.408504296875000000e+04
3.149647507500000756e+03 3.754464453125000000e+04 6.442739062500000000e+04
3.152773708499999884e+03 6.682487500000000000e+04 6.454670703125000000e+04
3.155899909500000376e+03 8.144459375000000000e+04 6.589647656250000000e+04
3.159026110500000414e+03 9.900185937500000000e+04 6.545953125000000000e+04
3.162152311499999996e+03 1.146044218750000000e+05 6.516995703125000000e+04
3.165278512500000033e+03 1.243102578125000000e+05 6.432277734375000000e+04
3.168404713500000071e+03 1.020931406250000000e+05 6.492941015625000000e+04
3.171530914500000108e+03 1.485520312500000000e+05 6.512369531250000000e+04
3.174657115500000145e+03 1.565691875000000000e+05 6.488937500000000000e+04
3.177783316500000637e+03 1.710398906250000000e+05 6.506147265625000000e+04
3.180909517500000220e+03 1.753560468750000000e+05 6.526523046875000000e+04
3.184035718500000257e+03 1.631359375000000000e+05 6.513147265625000000e+04
3.187161919500000295e+03 1.481944843750000000e+05 6.670210156250000000e+04
3.190288120500000332e+03 9.250794531250000000e+04 6.715307031250000000e+04
3.193414321499999915e+03 1.026651093750000000e+05 6.618835937500000000e+04
3.196540522499999952e+03 1.043006796875000000e+05 6.599702343750000000e+04
3.199666723499999989e+03 7.314353125000000000e+04 6.502805078125000000e+04
3.202792924500000481e+03 6.126080078125000000e+04 6.489456250000000000e+04
3.205919125500000519e+03 4.807668750000000000e+04 6.461596093750000000e+04
3.209045326500000556e+03 3.155470703125000000e+04 6.532366406250000000e+04
3.212171527500000138e+03 -1.449260839843750000e+04 6.487062109375000000e+04
3.215297728500000176e+03 -8.754838867187500000e+03 6.534098828125000000e+04
3.218423929500000213e+03 -4.699564062500000000e+04 6.498391796875000000e+04
3.221550130500000250e+03 -4.999316015625000000e+04 6.437849218750000000e+04
3.224676331499999833e+03 -6.688710937500000000e+04 6.395513281250000000e+04
3.227802532500000325e+03 -1.028457734375000000e+05 6.406160156250000000e+04
3.230928733500000362e+03 -1.112425781250000000e+05 6.295595312500000000e+04
3.234054934500000400e+03 -8.883292968750000000e+04 6.258589062500000000e+04
3.237181135500000437e+03 -9.673332031250000000e+04 6.338982031250000000e+04
3.240307336500000474e+03 -1.043562187500000000e+05 6.312602343750000000e+04
3.243433537500000057e+03 -5.177858203125000000e+04 6.333303906250000000e+04
3.246559738500000094e+03 -8.482482031250000000e+04 6.340750000000000000e+04
3.249685939500000586e+03 -2.986022460937500000e+04 6.258212500000000000e+04
3.252812140499999714e+03 1.741955859375000000e+04 6.229702343750000000e+04
3.255938341500000206e+03 1.927281640625000000e+04 6.149020312500000000e+04
3.259064542500000243e+03 1.820091064453125000e+03 6.223485156250000000e+04
3.262190743500000281e+03 4.577388671875000000e+04 6.177641406250000000e+04
3.265316944500000318e+03 -5.237331054687500000e+03 6.245452343750000000e+04
3.268443145500000355e+03 1.090945703125000000e+04 6.287655078125000000e+04
3.271569346499999938e+03 2.598592773437500000e+04 6.375758203125000000e+04
3.274695547499999975e+03 3.855450000000000000e+04 6.337807421875000000e+04
3.277821748500000467e+03 8.502135156250000000e+04 6.297667968750000000e+04
3.280947949500000504e+03 7.648821875000000000e+04 6.392781640625000000e+04
3.284074150500000087e+03 6.423573828125000000e+04 6.270228906250000000e+04
3.287200351500000124e+03 5.675219921875000000e+04 6.330408203125000000e+04
3.290326552500000162e+03 2.489998828125000000e+04 6.385646484375000000e+04
3.293452753500000199e+03 3.084346875000000000e+04 6.289504687500000000e+04
3.296578954500000236e+03 1.204642675781250000e+04 6.304696484375000000e+04
3.299705155500000728e+03 9.981126953125000000e+03 6.291199609375000000e+04
3.302831356500000311e+03 -2.515598388671875000e+03 6.223685156250000000e+04
3.305957557500000348e+03 1.779016992187500000e+04 6.272498437500000000e+04
3.309083758500000386e+03 1.742251953125000000e+04 6.260144140625000000e+04
3.312209959500000423e+03 2.627006445312500000e+04 6.402828515625000000e+04
3.315336160500000005e+03 3.423523046875000000e+04 6.365894921875000000e+04
3.318462361500000043e+03 5.370562890625000000e+04 6.401419140625000000e+04
3.321588562500000080e+03 4.598570312500000000e+04 6.428992968750000000e+04
3.324714763500000572e+03 5.935099609375000000e+04 6.409717968750000000e+04
3.327840964500000609e+03 7.126600781250000000e+04 6.355491406250000000e+04
3.330967165500000192e+03 3.467219140625000000e+04 6.341425000000000000e+04
3.334093366500000229e+03 7.386367968750000000e+04 6.292344531250000000e+04
3.337219567500000267e+03 3.976359765625000000e+04 6.295380859375000000e+04
3.340345768500000304e+03 3.881880078125000000e+04 6.235810937500000000e+04
3.343471969499999886e+03 3.686198046875000000e+04 6.268201562500000000e+04
3.346598170499999924e+03 2.253753320312500000e+04 6.208541406250000000e+04
3.349724371499999961e+03 2.333091308593750000e+03 6.259558984375000000e+04
3.352850572500000453e+03 2.755438085937500000e+04 6.281935156250000000e+04
3.355976773500000490e+03 -2.235610156250000000e+04 6.286629296875000000e+04
3.359102974500000528e+03 -7.506035156250000000e+03 6.181261328125000000e+04
3.362229175500000110e+03 2.267496826171875000e+03 6.195402734375000000e+04
3.365355376500000148e+03 -3.251766015625000000e+04 6.181066796875000000e+04
3.368481577500000185e+03 -2.874147070312500000e+04 6.176366796875000000e+04
3.371607778500000222e+03 -2.231324804687500000e+04 6.304092968750000000e+04
3.374733979499999805e+03 -1.336182714843750000e+04 6.351341015625000000e+04
3.377860180500000297e+03 -3.393177343750000000e+04 6.282977343750000000e+04
3.380986381500000334e+03 -1.346632519531250000e+04 6.238394921875000000e+04
3.384112582500000372e+03 -3.641111328125000000e+04 6.207199218750000000e+04
3.387238783500000409e+03 -8.281042187500000000e+04 6.136408593750000000e+04
3.390364984500000446e+03 -8.297988281250000000e+04 6.061854296875000000e+04
3.393491185500000029e+03 -1.003546953125000000e+05 6.110962890625000000e+04
3.396617386500000066e+03 -1.324581718750000000e+05 6.108521484375000000e+04
3.399743587500000558e+03 -1.009483515625000000e+05 6.065241796875000000e+04
3.402869788500000141e+03 -9.334992187500000000e+04 6.129475390625000000e+04
3.405995989500000178e+03 -6.190426953125000000e+04 6.036410156250000000e+04
3.409122190500000215e+03 -2.498599804687500000e+04 5.963081250000000000e+04
3.412248391500000253e+03 -5.682076562500000000e+04 6.095464062500000000e+04
3.415374592500000290e+03 -6.761489843750000000e+04 6.120052343750000000e+04
3.418500793500000327e+03 -7.490768750000000000e+04 6.173812500000000000e+04
3.421626994499999910e+03 -7.808857031250000000e+04 6.241089843750000000e+04
3.424753195500000402e+03 -1.251640937500000000e+05 6.164792187500000000e+04
3.427879396500000439e+03 -1.046718906250000000e+05 6.173016015625000000e+04
3.431005597500000476e+03 -1.085081875000000000e+05 6.113798437500000000e+04
3.434131798500000059e+03 -1.037259296875000000e+05 6.090576953125000000e+04
3.437257999500000096e+03 -6.151350390625000000e+04 6.128379687500000000e+04
3.440384200500000134e+03 -4.572464453125000000e+04 6.122168750000000000e+04
3.443510401500000171e+03 -5.162507421875000000e+04 6.152057421875000000e+04
3.446636602500000663e+03 -2.382145507812500000e+04 6.161685156250000000e+04
3.449762803500000700e+03 -3.868792968750000000e+03 6.124714453125000000e+04
3.452889004500000283e+03 -1.377510644531250000e+04 6.112775000000000000e+04
3.456015205500000320e+03 2.630115966796875000e+02 6.099716406250000000e+04
3.459141406500000357e+03 -1.931515234375000000e+04 6.236089453125000000e+04
3.462267607500000395e+03 -4.324795312500000000e+04 6.271297656250000000e+04
3.465393808499999977e+03 1.936454882812500000e+04 6.402947656250000000e+04
3.468520009500000015e+03 9.250799804687500000e+03 6.427126171875000000e+04
3.471646210500000052e+03 2.553466186523437500e+02 6.298350781250000000e+04
3.474772411500000544e+03 -1.146982324218750000e+04 6.290938671875000000e+04
3.477898612500000581e+03 -3.355686328125000000e+04 6.304729687500000000e+04
3.481024813500000164e+03 -4.493644921875000000e+04 6.249007421875000000e+04
3.484151014500000201e+03 -4.654781640625000000e+04 6.153926953125000000e+04
3.487277215500000239e+03 -6.191706250000000000e+04 6.141333984375000000e+04
3.490403416500000276e+03 -9.318651562500000000e+04 6.067362500000000000e+04
3.493529617499999858e+03 -9.277456250000000000e+04 6.064394531250000000e+04
3.496655818499999896e+03 -1.265315546875000000e+05 6.060823046875000000e+04
3.499782019500000388e+03 -8.007224218750000000e+04 6.105005859375000000e+04
3.502908220500000425e+03 -7.918864062500000000e+04 6.031906640625000000e+04
3.506034421500000462e+03 -6.153389843750000000e+04 5.977172265625000000e+04
3.509160622500000500e+03 4.367768066406250000e+03 5.952542187500000000e+04
3.512286823500000082e+03 4.338384765625000000e+03 5.930518359375000000e+04
3.515413024500000120e+03 2.599576171875000000e+04 5.930806250000000000e+04
3.518539225500000157e+03 5.591737109375000000e+04 5.949106250000000000e+04
3.521665426500000649e+03 4.927996875000000000e+04 5.884435546875000000e+04
3.524791627499999777e+03 7.567177343750000000e+04 5.892038671875000000e+04
3.527917828500000269e+03 9.204460937500000000e+04 5.929882031250000000e+04
3.531044029500000306e+03 1.049750781250000000e+05 5.866847656250000000e+04
3.534170230500000343e+03 9.410386718750000000e+04 5.924239062500000000e+04
3.537296431500000381e+03 6.354026953125000000e+04 5.940462890625000000e+04
3.540422632500000418e+03 6.528275000000000000e+04 5.937270703125000000e+04
3.543548833500000001e+03 3.435798828125000000e+04 5.941629687500000000e+04
3.546675034500000038e+03 3.453534765625000000e+04 5.994422656250000000e+04
3.549801235500000530e+03 2.569825781250000000e+04 5.863669531250000000e+04
3.552927436500000113e+03 1.091884277343750000e+04 5.836987109375000000e+04
3.556053637500000150e+03 3.242395312500000000e+04 5.810086718750000000e+04
3.559179838500000187e+03 4.295951953125000000e+04 5.692163281250000000e+04
3.562306039500000225e+03 3.604567578125000000e+04 5.671260156250000000e+04
3.565432240500000262e+03 2.847950585937500000e+04 5.625808203125000000e+04
3.568558441500000299e+03 7.695590820312500000e+03 5.540572656250000000e+04
3.571684642499999882e+03 2.346686718750000000e+04 5.539827734375000000e+04
3.574810843500000374e+03 2.081339648437500000e+04 5.540702734375000000e+04
3.577937044500000411e+03 3.616289062500000000e+03 5.551391406250000000e+04
3.581063245500000448e+03 5.509654785156250000e+03 5.600493359375000000e+04
3.584189446500000031e+03 4.597268371582031250e+02 5.574290234375000000e+04
3.587315647500000068e+03 -1.720359179687500000e+04 5.682925000000000000e+04
3.590441848500000106e+03 -5.105512500000000000e+04 5.665459765625000000e+04
3.593568049500000143e+03 -7.443258593750000000e+04 5.747777343750000000e+04
3.596694250500000635e+03 -9.307042968750000000e+04 5.738152734375000000e+04
3.599820451500000672e+03 -1.153169296875000000e+05 5.746896093750000000e+04
3.602946652500000255e+03 -1.076995000000000000e+05 5.834941796875000000e+04
3.606072853500000292e+03 -1.053077890625000000e+05 5.829017578125000000e+04
3.609199054500000329e+03 -1.365125312500000000e+05 5.864117968750000000e+04
3.612325255500000367e+03 -1.133593828125000000e+05 5.878823437500000000e+04
3.615451456499999949e+03 -1.218694062500000000e+05 5.969447265625000000e+04
3.618577657499999987e+03 -1.408010468750000000e+05 5.905458593750000000e+04
3.621703858500000479e+03 -1.358193750000000000e+05 6.046747265625000000e+04
3.624830059500000516e+03 -1.289775468750000000e+05 6.008692968750000000e+04
3.627956260500000553e+03 -1.559250156250000000e+05 5.956434375000000000e+04
3.631082461500000591e+03 -1.267435859375000000e+05 5.904232421875000000e+04
3.634208662500000173e+03 -1.220592890625000000e+05 5.811504296875000000e+04
3.637334863500000210e+03 -1.263887578125000000e+05 5.890032812500000000e+04
3.640461064500000248e+03 -1.033515390625000000e+05 5.872731640625000000e+04
3.643587265499999830e+03 -8.843236718750000000e+04 5.810787890625000000e+04
3.646713466499999868e+03 -1.161837421875000000e+05 5.847413671875000000e+04
3.649839667500000360e+03 -9.541120312500000000e+04 5.826515625000000000e+04
3.652965868500000397e+03 -6.894288281250000000e+04 5.815941015625000000e+04
3.656092069500000434e+03 -5.976458203125000000e+04 5.778275390625000000e+04
3.659218270500000472e+03 -3.139410742187500000e+04 5.722937109375000000e+04
3.662344471500000054e+03 -1.872366210937500000e+04 5.771830078125000000e+04
3.665470672500000092e+03 -6.641889160156250000e+03 5.749697656250000000e+04
3.668596873500000129e+03 1.351598730468750000e+04 5.750577343750000000e+04
3.671723074500000621e+03 1.421666406250000000e+04 5.762041406250000000e+04
3.674849275500000203e+03 2.115134570312500000e+04 5.738455078125000000e+04
3.677975476500000241e+03 3.305364062500000000e+04 5.758667578125000000e+04
3.681101677500000278e+03 6.542114746093750000e+03 5.835159765625000000e+04
3.684227878500000315e+03 1.948587109375000000e+04 5.829201953125000000e+04
3.687354079500000353e+03 5.374246093750000000e+04 5.917653125000000000e+04
3.690480280500000390e+03 4.842682421875000000e+04 5.948009375000000000e+04
3.693606481499999973e+03 5.024098046875000000e+04 5.972502343750000000e+04
3.696732682500000465e+03 4.995755859375000000e+04 6.052735546875000000e+04
3.699858883500000502e+03 4.404476953125000000e+04 6.032695703125000000e+04
3.702985084500000539e+03 6.237539453125000000e+04 6.006199218750000000e+04
3.706111285500000122e+03 7.477164843750000000e+04 6.015849218750000000e+04
3.709237486500000159e+03 7.085939062500000000e+04 5.978629687500000000e+04
3.712363687500000196e+03 6.947514062500000000e+04 5.903532421875000000e+04
3.715489888500000234e+03 8.336474218750000000e+04 5.960571875000000000e+04
3.718616089500000726e+03 9.833693750000000000e+04 5.937896875000000000e+04
3.721742290499999854e+03 1.271399296875000000e+05 5.965619921875000000e+04
3.724868491500000346e+03 1.461792656250000000e+05 5.974815625000000000e+04
3.727994692500000383e+03 1.543290000000000000e+05 6.038578515625000000e+04
3.731120893500000420e+03 1.806043281250000000e+05 5.958879296875000000e+04
3.734247094500000003e+03 1.901658593750000000e+05 6.024047656250000000e+04
3.737373295500000040e+03 1.940925000000000000e+05 5.983083593750000000e+04
3.740499496500000078e+03 1.953076562500000000e+05 5.895081250000000000e+04
3.743625697500000115e+03 1.943586250000000000e+05 5.950340625000000000e+04
3.746751898500000607e+03 1.671413750000000000e+05 5.914240234375000000e+04
3.749878099500000644e+03 1.655996406250000000e+05 5.903671875000000000e+04
