# Radius [au]	Intensity [Jy/sr]	error_Intensity [Jy/sr]
1.563100500000000226e+00 2.040322560000000000e+09 0.000000000000000000e+00
4.689301500000000011e+00 2.003175808000000000e+09 1.314394500000000000e+07
7.815502500000000907e+00 1.934164480000000000e+09 1.019368800000000000e+07
1.094170350000000091e+01 1.857294336000000000e+09 3.482948800000000000e+07
1.406790450000000092e+01 1.739153152000000000e+09 3.102044000000000000e+07
1.719410550000000271e+01 1.612306304000000000e+09 3.172540800000000000e+07
2.032030650000000094e+01 1.518948096000000000e+09 4.084237600000000000e+07
2.344650749999999917e+01 1.387047040000000000e+09 3.647327200000000000e+07
2.657270850000000451e+01 1.266985728000000000e+09 3.394779600000000000e+07
2.969890950000000274e+01 1.190994304000000000e+09 3.448430000000000000e+07
3.282511050000000097e+01 1.086194688000000000e+09 2.756339800000000000e+07
3.595131150000000275e+01 9.890231040000000000e+08 2.456664000000000000e+07
3.907751250000000454e+01 9.166363520000000000e+08 2.252239400000000000e+07
4.220371349999999921e+01 8.480316800000000000e+08 1.711064800000000000e+07
4.532991450000000100e+01 7.744724480000000000e+08 1.468037800000000000e+07
4.845611550000000989e+01 7.292001920000000000e+08 1.407151500000000000e+07
5.158231649999999746e+01 6.737555840000000000e+08 1.019306600000000000e+07
5.470851750000000635e+01 6.287812480000000000e+08 8.954855000000000000e+06
5.783471850000000813e+01 5.904535040000000000e+08 7.615360000000000000e+06
6.096091950000000281e+01 5.516502400000000000e+08 5.593751000000000000e+06
6.408712049999999749e+01 5.135541440000000000e+08 5.081960000000000000e+06
6.721332150000000638e+01 4.776199680000000000e+08 4.850662500000000000e+06
7.033952250000000106e+01 4.381850880000000000e+08 4.279557000000000000e+06
7.346572350000000995e+01 4.028228160000000000e+08 4.545677000000000000e+06
7.659192450000000463e+01 3.677586880000000000e+08 4.519920500000000000e+06
7.971812549999999931e+01 3.333773760000000000e+08 4.297270500000000000e+06
8.284432650000000820e+01 3.010558720000000000e+08 4.417221000000000000e+06
8.597052750000000287e+01 2.726472000000000000e+08 4.598417500000000000e+06
8.909672849999999755e+01 2.459931520000000000e+08 4.316093500000000000e+06
9.222292950000000644e+01 2.193043520000000000e+08 3.881436750000000000e+06
9.534913050000000112e+01 1.986622240000000000e+08 4.128311500000000000e+06
9.847533149999999580e+01 1.776947200000000000e+08 3.884625500000000000e+06
1.016015325000000189e+02 1.582851200000000000e+08 3.687036250000000000e+06
1.047277335000000136e+02 1.422596000000000000e+08 3.635071500000000000e+06
1.078539345000000083e+02 1.304138320000000000e+08 3.586412000000000000e+06
1.109801355000000171e+02 1.177992800000000000e+08 3.223409000000000000e+06
1.141063365000000118e+02 1.083369440000000000e+08 3.011797250000000000e+06
1.172325375000000065e+02 1.029633360000000000e+08 3.040919750000000000e+06
1.203587385000000154e+02 9.818897600000000000e+07 2.520688750000000000e+06
1.234849395000000101e+02 9.377440000000000000e+07 2.335614250000000000e+06
1.266111405000000047e+02 9.368506400000000000e+07 2.260917500000000000e+06
1.297373415000000136e+02 9.253312800000000000e+07 2.064040750000000000e+06
1.328635424999999941e+02 9.239096000000000000e+07 1.977583000000000000e+06
1.359897435000000030e+02 9.451576000000000000e+07 1.884872875000000000e+06
1.391159445000000119e+02 9.598260000000000000e+07 1.840051375000000000e+06
1.422421455000000208e+02 9.732592800000000000e+07 1.869599625000000000e+06
1.453683465000000012e+02 9.902748800000000000e+07 1.860864250000000000e+06
1.484945475000000101e+02 1.009921040000000000e+08 1.904023500000000000e+06
1.516207485000000190e+02 1.011600160000000000e+08 2.015342500000000000e+06
1.547469494999999995e+02 1.017434320000000000e+08 1.948478500000000000e+06
1.578731505000000084e+02 1.016491600000000000e+08 2.055939000000000000e+06
1.609993515000000173e+02 1.003045680000000000e+08 2.064017000000000000e+06
1.641255525000000262e+02 9.851561600000000000e+07 2.085116000000000000e+06
1.672517535000000066e+02 9.546960000000000000e+07 2.027124625000000000e+06
1.703779544999999871e+02 9.143384800000000000e+07 2.033178500000000000e+06
1.735041555000000244e+02 8.734098400000000000e+07 1.974699625000000000e+06
1.766303565000000049e+02 8.215314400000000000e+07 1.745798375000000000e+06
1.797565574999999853e+02 7.713077600000000000e+07 1.724551625000000000e+06
1.828827585000000511e+02 7.135125600000000000e+07 1.621375875000000000e+06
1.860089595000000031e+02 6.597868000000000000e+07 1.485578375000000000e+06
1.891351604999999836e+02 5.967370800000000000e+07 1.460226125000000000e+06
1.922613615000000493e+02 5.379854800000000000e+07 1.350089625000000000e+06
1.953875625000000014e+02 4.889728000000000000e+07 1.318082750000000000e+06
1.985137634999999818e+02 4.333590800000000000e+07 1.298482000000000000e+06
2.016399645000000476e+02 3.868971600000000000e+07 1.231284250000000000e+06
2.047661655000000280e+02 3.442832000000000000e+07 1.218403000000000000e+06
2.078923664999999801e+02 3.035692200000000000e+07 1.211676875000000000e+06
2.110185675000000458e+02 2.669927000000000000e+07 1.149290250000000000e+06
2.141447685000000263e+02 2.316388200000000000e+07 1.151999500000000000e+06
2.172709694999999783e+02 2.011671400000000000e+07 1.160705625000000000e+06
2.203971705000000441e+02 1.704782000000000000e+07 1.153557875000000000e+06
2.235233715000000245e+02 1.475758200000000000e+07 1.125863625000000000e+06
2.266495725000000050e+02 1.268394700000000000e+07 1.146614250000000000e+06
2.297757735000000423e+02 1.118079400000000000e+07 1.198432625000000000e+06
2.329019745000000228e+02 9.125488000000000000e+06 1.166231875000000000e+06
2.360281755000000032e+02 7.991975000000000000e+06 1.230413250000000000e+06
2.391543765000000406e+02 7.041969500000000000e+06 1.148621250000000000e+06
2.422805775000000210e+02 5.472833500000000000e+06 1.139416000000000000e+06
2.454067785000000015e+02 5.012307000000000000e+06 1.154108250000000000e+06
2.485329795000000388e+02 4.398057500000000000e+06 1.065131875000000000e+06
2.516591805000000193e+02 3.979114000000000000e+06 1.045780750000000000e+06
2.547853814999999997e+02 3.421528500000000000e+06 1.048378375000000000e+06
2.579115825000000655e+02 3.233678750000000000e+06 1.025910125000000000e+06
2.610377834999999891e+02 3.137534000000000000e+06 9.963875000000000000e+05
2.641639844999999696e+02 2.845360250000000000e+06 9.125198750000000000e+05
2.672901855000000637e+02 2.496878250000000000e+06 9.015881250000000000e+05
2.704163865000000442e+02 2.342272500000000000e+06 9.053621875000000000e+05
2.735425874999999678e+02 2.184692250000000000e+06 8.386676250000000000e+05
2.766687885000000620e+02 1.956830375000000000e+06 9.040731250000000000e+05
2.797949895000000424e+02 1.860975875000000000e+06 8.619504375000000000e+05
2.829211904999999661e+02 2.009463125000000000e+06 8.186660000000000000e+05
2.860473915000000602e+02 1.672279500000000000e+06 8.667472500000000000e+05
2.891735925000000407e+02 1.548857875000000000e+06 8.246593125000000000e+05
2.922997934999999643e+02 1.704091250000000000e+06 7.938829375000000000e+05
2.954259945000000585e+02 1.470009875000000000e+06 8.108293750000000000e+05
2.985521955000000389e+02 7.847216875000000000e+05 7.692577500000000000e+05
3.016783965000000194e+02 6.036577500000000000e+05 8.001555625000000000e+05
3.048045975000000567e+02 -8.969190625000000000e+04 8.067581250000000000e+05
3.079307985000000372e+02 -3.449502812500000000e+05 7.996063125000000000e+05
3.110569995000000176e+02 -3.556061250000000000e+05 7.969019375000000000e+05
3.141832005000000549e+02 -6.985550000000000000e+05 8.211433750000000000e+05
3.173094015000000354e+02 -8.220934375000000000e+05 8.717433750000000000e+05
3.204356025000000727e+02 -5.834932500000000000e+05 8.343675000000000000e+05
3.235618035000000532e+02 -5.372895000000000000e+05 8.520746875000000000e+05
3.266880045000000337e+02 -3.397574609375000000e+04 8.199106250000000000e+05
3.298142055000000141e+02 4.295040527343750000e+03 7.516133750000000000e+05
3.329404065000000514e+02 2.177880468750000000e+05 7.283915000000000000e+05
3.360666075000000319e+02 5.067857421875000000e+04 7.308090625000000000e+05
3.391928085000000692e+02 2.088081250000000000e+05 7.123775625000000000e+05
3.423190095000000497e+02 -1.892145000000000000e+05 6.768241875000000000e+05
3.454452105000000302e+02 -3.705319375000000000e+05 6.770421250000000000e+05
3.485714115000000106e+02 -3.749255625000000000e+05 6.743580000000000000e+05
3.516976125000000479e+02 -5.078830937500000000e+05 6.879378750000000000e+05
3.548238135000000284e+02 -3.199778437500000000e+05 6.856308125000000000e+05
3.579500145000000657e+02 -5.124815625000000000e+05 7.167050000000000000e+05
3.610762155000000462e+02 -5.558409375000000000e+05 7.257142500000000000e+05
3.642024165000000266e+02 -6.278848750000000000e+05 6.886551250000000000e+05
3.673286175000000071e+02 -9.499177500000000000e+05 7.211030625000000000e+05
3.704548185000000444e+02 -7.602305625000000000e+05 7.048258750000000000e+05
3.735810195000000249e+02 -6.577735000000000000e+05 7.345730625000000000e+05
3.767072205000000622e+02 -5.712297500000000000e+05 7.378548750000000000e+05
3.798334215000000427e+02 -4.284674375000000000e+05 7.295440625000000000e+05
3.829596225000000231e+02 -6.980131875000000000e+05 7.166013750000000000e+05
3.860858235000000036e+02 -6.195964375000000000e+05 7.078877500000000000e+05
3.892120245000000409e+02 -7.722746250000000000e+05 7.090586250000000000e+05
3.923382255000000214e+02 -4.277404687500000000e+05 6.696398750000000000e+05
3.954644265000000587e+02 1.054712968750000000e+05 6.955438125000000000e+05
3.985906275000000392e+02 3.377655029296875000e+03 6.867081250000000000e+05
4.017168285000000196e+02 -1.170793671875000000e+05 6.490156875000000000e+05
4.048430295000000001e+02 4.873726562500000000e+04 6.683233750000000000e+05
4.079692305000000374e+02 -1.449044375000000000e+05 6.526607500000000000e+05
4.110954315000000179e+02 6.270995703125000000e+04 7.012826250000000000e+05
4.142216325000000552e+02 1.862690468750000000e+05 7.150611250000000000e+05
4.173478335000000357e+02 8.003093125000000000e+05 6.956289375000000000e+05
4.204740345000000161e+02 6.758693125000000000e+05 6.933561875000000000e+05
4.236002354999999966e+02 3.680090000000000000e+05 6.786311875000000000e+05
4.267264365000000339e+02 1.387236250000000000e+05 6.508977500000000000e+05
4.298526375000000144e+02 -9.837077343750000000e+04 6.657005000000000000e+05
4.329788385000000517e+02 -1.464759375000000000e+05 6.566271875000000000e+05
4.361050395000000321e+02 -2.474601562500000000e+05 6.753498125000000000e+05
4.392312405000000126e+02 1.772258789062500000e+04 6.553704375000000000e+05
4.423574414999999931e+02 -1.988071875000000000e+05 6.466380000000000000e+05
4.454836425000000304e+02 -2.186187031250000000e+05 6.609130000000000000e+05
4.486098435000000109e+02 -1.780478750000000000e+05 6.732270000000000000e+05
4.517360445000000482e+02 -5.177655937500000000e+05 6.920525625000000000e+05
4.548622455000000286e+02 -3.782693750000000000e+05 7.214427500000000000e+05
4.579884465000000091e+02 -6.466570000000000000e+05 7.163653750000000000e+05
4.611146474999999896e+02 -5.159815312500000000e+05 7.129238125000000000e+05
4.642408485000000269e+02 -8.005899375000000000e+05 6.965853125000000000e+05
4.673670495000000074e+02 -3.609705078125000000e+04 6.870280625000000000e+05
4.704932505000000447e+02 9.937625000000000000e+04 6.873339375000000000e+05
4.736194515000000251e+02 8.692378125000000000e+04 6.937161875000000000e+05
4.767456525000000056e+02 3.175757421875000000e+04 6.554301875000000000e+05
4.798718534999999861e+02 1.527971718750000000e+05 6.764246250000000000e+05
4.829980545000000234e+02 3.289417500000000000e+05 6.900840625000000000e+05
4.861242555000000038e+02 5.786234375000000000e+05 6.664795625000000000e+05
4.892504565000000412e+02 6.029963125000000000e+05 6.640420000000000000e+05
4.923766575000000216e+02 3.684249687500000000e+05 6.665235000000000000e+05
4.955028585000000021e+02 4.161773437500000000e+05 6.794793125000000000e+05
4.986290594999999826e+02 5.412474375000000000e+05 6.821100000000000000e+05
5.017552605000000199e+02 2.905485625000000000e+05 7.081141250000000000e+05
5.048814615000000003e+02 3.151435625000000000e+05 7.016413125000000000e+05
5.080076625000000945e+02 6.925770625000000000e+05 6.987903125000000000e+05
5.111338635000000181e+02 9.451218750000000000e+05 6.848940625000000000e+05
5.142600644999999986e+02 1.241145000000000000e+06 6.809513750000000000e+05
5.173862655000000359e+02 1.027971687500000000e+06 6.847131250000000000e+05
5.205124665000000732e+02 8.069748125000000000e+05 7.104513125000000000e+05
5.236386674999999968e+02 1.007835875000000000e+06 7.075945000000000000e+05
5.267648685000000341e+02 8.524529375000000000e+05 7.000938125000000000e+05
5.298910695000000715e+02 7.825075625000000000e+05 7.011015000000000000e+05
5.330172704999999951e+02 6.256585625000000000e+05 6.576901875000000000e+05
5.361434715000000324e+02 4.886050625000000000e+05 6.742241250000000000e+05
5.392696725000000697e+02 6.101423125000000000e+05 6.700405625000000000e+05
5.423958734999999933e+02 4.964997500000000000e+05 6.244422500000000000e+05
5.455220745000000306e+02 8.165666250000000000e+05 6.045116875000000000e+05
5.486482755000000680e+02 7.362946875000000000e+05 6.104668750000000000e+05
5.517744764999999916e+02 6.344349375000000000e+05 6.037263750000000000e+05
5.549006775000000289e+02 3.669018437500000000e+05 6.154215625000000000e+05
5.580268785000000662e+02 2.961869062500000000e+05 6.024113125000000000e+05
5.611530794999999898e+02 2.294241093750000000e+05 6.240911875000000000e+05
5.642792805000000271e+02 2.701847187500000000e+05 6.262846250000000000e+05
5.674054815000000644e+02 2.104398281250000000e+05 6.295822500000000000e+05
5.705316824999999881e+02 4.371204062500000000e+05 6.323572500000000000e+05
5.736578835000000254e+02 5.567263750000000000e+05 6.456300625000000000e+05
5.767840845000000627e+02 5.151261875000000000e+05 6.331385000000000000e+05
5.799102854999999863e+02 3.611414062500000000e+05 6.480865000000000000e+05
5.830364865000000236e+02 6.225765625000000000e+04 6.428955000000000000e+05
5.861626875000000609e+02 4.524730859375000000e+04 6.548925625000000000e+05
5.892888884999999846e+02 1.761389843750000000e+04 6.413312500000000000e+05
5.924150895000000219e+02 1.238867480468750000e+04 6.409114375000000000e+05
5.955412905000000592e+02 -9.213707031250000000e+03 6.546710625000000000e+05
5.986674914999999828e+02 9.161502343750000000e+04 6.445272500000000000e+05
6.017936925000000201e+02 3.964785312500000000e+05 6.324201875000000000e+05
6.049198935000000574e+02 5.049092500000000000e+05 6.186350000000000000e+05
6.080460944999999811e+02 7.151590000000000000e+05 6.013551250000000000e+05
6.111722955000000184e+02 4.260525937500000000e+05 5.961435000000000000e+05
6.142984965000000557e+02 4.328478125000000000e+05 5.993578750000000000e+05
6.174246975000000930e+02 1.844550468750000000e+05 5.954495625000000000e+05
6.205508985000000166e+02 6.076231875000000000e+05 5.852271875000000000e+05
6.236770995000000539e+02 9.944295000000000000e+05 5.947508750000000000e+05
6.268033004999999775e+02 9.831465000000000000e+05 5.743715000000000000e+05
6.299295015000000149e+02 1.356517000000000000e+06 5.829218125000000000e+05
6.330557025000000522e+02 1.092651500000000000e+06 6.014648125000000000e+05
6.361819035000000895e+02 9.045353750000000000e+05 5.794808125000000000e+05
6.393081045000000131e+02 7.529770625000000000e+05 5.758800000000000000e+05
6.424343055000000504e+02 8.128304375000000000e+05 5.686425000000000000e+05
6.455605064999999740e+02 6.599726250000000000e+05 5.539949375000000000e+05
6.486867075000001250e+02 4.537019062500000000e+05 5.775023750000000000e+05
6.518129084999999350e+02 8.200181250000000000e+05 5.754031875000000000e+05
6.549391095000000860e+02 5.858547500000000000e+05 5.536000625000000000e+05
6.580653104999998959e+02 1.775066093750000000e+05 5.309486875000000000e+05
6.611915115000000469e+02 -4.722248535156250000e+03 5.152177187500000000e+05
6.643177125000001979e+02 -1.533799375000000000e+05 5.220333750000000000e+05
6.674439135000000078e+02 -1.533375625000000000e+05 5.378563750000000000e+05
6.705701145000001588e+02 -2.981757500000000000e+05 5.440937500000000000e+05
6.736963154999999688e+02 -2.660992812500000000e+05 5.455756875000000000e+05
6.768225165000001198e+02 -2.559089531250000000e+05 5.284173125000000000e+05
6.799487175000000434e+02 -3.488915625000000000e+05 5.145384687500000000e+05
6.830749184999999670e+02 -7.304696250000000000e+05 4.861812812500000000e+05
6.862011195000001180e+02 -9.012971250000000000e+05 4.965268125000000000e+05
6.893273204999999280e+02 -1.100088750000000000e+06 5.315736875000000000e+05
6.924535215000000790e+02 -1.061055500000000000e+06 5.142937187500000000e+05
6.955797224999998889e+02 -1.150795875000000000e+06 5.438223125000000000e+05
6.987059235000000399e+02 -1.016898500000000000e+06 5.507482500000000000e+05
7.018321245000001909e+02 -1.204152375000000000e+06 5.445606875000000000e+05
7.049583255000000008e+02 -1.262393250000000000e+06 5.592618750000000000e+05
7.080845265000001518e+02 -1.206605625000000000e+06 5.557525000000000000e+05
7.112107274999999618e+02 -1.325442125000000000e+06 5.548741250000000000e+05
7.143369285000001128e+02 -1.421466500000000000e+06 5.719991875000000000e+05
7.174631295000000364e+02 -1.389954125000000000e+06 5.773780625000000000e+05
7.205893305000000737e+02 -1.383404750000000000e+06 5.947484375000000000e+05
7.237155315000001110e+02 -1.214452000000000000e+06 5.888918125000000000e+05
7.268417324999999209e+02 -8.918323125000000000e+05 5.758147500000000000e+05
7.299679335000000719e+02 -4.721429375000000000e+05 5.722256875000000000e+05
7.330941344999998819e+02 -2.020712656250000000e+05 5.603506875000000000e+05
7.362203355000000329e+02 -2.977319375000000000e+05 5.542512500000000000e+05
7.393465365000001839e+02 -1.064794609375000000e+05 5.629455625000000000e+05
7.424727374999999938e+02 1.050841953125000000e+05 5.686670000000000000e+05
7.455989385000001448e+02 2.917762500000000000e+04 5.805037500000000000e+05
7.487251394999999548e+02 3.599571250000000000e+05 5.965918750000000000e+05
7.518513405000001057e+02 5.957851875000000000e+05 5.921294375000000000e+05
7.549775415000000294e+02 1.167670078125000000e+05 5.999700000000000000e+05
7.581037425000000667e+02 6.824731875000000000e+05 5.982996875000000000e+05
7.612299435000001040e+02 6.351585000000000000e+05 6.114412500000000000e+05
7.643561445000000276e+02 8.437230625000000000e+05 6.096886250000000000e+05
7.674823455000000649e+02 7.481589375000000000e+05 5.850431250000000000e+05
7.706085464999998749e+02 1.883784218750000000e+05 5.684986875000000000e+05
7.737347475000000259e+02 3.915946250000000000e+05 5.400894375000000000e+05
7.768609485000001769e+02 2.701273437500000000e+05 5.380112500000000000e+05
7.799871494999999868e+02 2.239066093750000000e+05 5.184308437500000000e+05
7.831133505000001378e+02 2.352311562500000000e+05 5.137312500000000000e+05
7.862395514999999477e+02 -2.030154375000000000e+05 4.890617187500000000e+05
7.893657525000000987e+02 -3.312845937500000000e+05 4.806555937500000000e+05
7.924919535000000224e+02 -4.597054062500000000e+05 4.866052812500000000e+05
7.956181545000000597e+02 -6.702087500000000000e+05 4.990991875000000000e+05
7.987443555000000970e+02 -5.647136250000000000e+05 5.184630000000000000e+05
8.018705565000000206e+02 -4.422840625000000000e+05 5.355080000000000000e+05
8.049967575000000579e+02 -2.867844062500000000e+05 5.329261250000000000e+05
8.081229585000000952e+02 -1.492559218750000000e+05 5.401328750000000000e+05
8.112491595000000189e+02 -3.137535937500000000e+05 5.426738125000000000e+05
8.143753605000001698e+02 -4.434939375000000000e+05 5.306279375000000000e+05
8.175015614999999798e+02 -7.277265625000000000e+05 5.309126875000000000e+05
8.206277625000001308e+02 -7.296141250000000000e+05 5.435241875000000000e+05
8.237539634999999407e+02 -3.496948750000000000e+05 5.511945625000000000e+05
8.268801645000000917e+02 -2.140195625000000000e+05 5.693277500000000000e+05
8.300063655000002427e+02 -1.047173281250000000e+05 5.864055625000000000e+05
8.331325665000000527e+02 -2.940650976562500000e+04 5.811466875000000000e+05
8.362587675000000900e+02 -3.407123125000000000e+05 5.734788750000000000e+05
8.393849685000000136e+02 -4.824658437500000000e+05 5.756064375000000000e+05
8.425111695000000509e+02 2.318072509765625000e+03 5.701551250000000000e+05
8.456373705000000882e+02 1.802501562500000000e+05 5.445841250000000000e+05
8.487635715000000118e+02 4.627009375000000000e+05 5.256366250000000000e+05
8.518897725000001628e+02 8.708002500000000000e+05 5.203833437500000000e+05
8.550159734999999728e+02 1.140403625000000000e+06 4.985645625000000000e+05
8.581421745000001238e+02 1.242542500000000000e+06 4.936460937500000000e+05
8.612683754999999337e+02 1.063939625000000000e+06 5.001509687500000000e+05
8.643945765000000847e+02 1.253665000000000000e+06 4.979487812500000000e+05
8.675207775000002357e+02 1.388142000000000000e+06 5.041215312500000000e+05
8.706469785000000456e+02 1.276586625000000000e+06 5.110141250000000000e+05
8.737731795000001966e+02 1.274759125000000000e+06 4.976123125000000000e+05
8.768993805000000066e+02 1.573205375000000000e+06 4.858129687500000000e+05
8.800255815000000439e+02 1.415733875000000000e+06 4.890952500000000000e+05
8.831517825000000812e+02 1.359684500000000000e+06 5.019781875000000000e+05
8.862779835000000048e+02 1.479624375000000000e+06 5.055149375000000000e+05
8.894041845000001558e+02 1.075039625000000000e+06 4.980308125000000000e+05
8.925303854999999658e+02 9.188703125000000000e+05 5.016991562500000000e+05
8.956565865000001168e+02 8.175662500000000000e+05 5.174731875000000000e+05
8.987827874999999267e+02 7.367461875000000000e+05 5.078814062500000000e+05
9.019089885000000777e+02 8.588043750000000000e+05 4.997142812500000000e+05
9.050351895000002287e+02 1.005002625000000000e+06 4.905697187500000000e+05
9.081613905000000386e+02 7.987522500000000000e+05 4.920021875000000000e+05
9.112875915000001896e+02 9.427083125000000000e+05 4.958338437500000000e+05
9.144137924999999996e+02 5.425839375000000000e+05 5.066471875000000000e+05
9.175399935000001506e+02 4.433868125000000000e+05 5.178838437500000000e+05
9.206661945000000742e+02 3.805703437500000000e+05 5.226680937500000000e+05
9.237923954999999978e+02 8.169122070312500000e+03 5.243446250000000000e+05
9.269185965000001488e+02 -1.511375937500000000e+05 5.332037500000000000e+05
9.300447974999999587e+02 -4.630006875000000000e+05 5.421641250000000000e+05
9.331709985000001097e+02 -7.090087500000000000e+05 5.411305000000000000e+05
9.362971994999999197e+02 -4.969533437500000000e+05 5.439118750000000000e+05
9.394234005000000707e+02 -1.064476875000000000e+06 5.514342500000000000e+05
9.425496015000002217e+02 -1.135439375000000000e+06 5.318455625000000000e+05
9.456758025000000316e+02 -1.080267000000000000e+06 5.250007500000000000e+05
9.488020035000001826e+02 -1.481663750000000000e+06 5.140965937500000000e+05
9.519282044999999925e+02 -1.338854875000000000e+06 5.068298750000000000e+05
9.550544055000001435e+02 -1.208676750000000000e+06 5.236288125000000000e+05
9.581806065000000672e+02 -9.303030000000000000e+05 5.200867812500000000e+05
9.613068075000001045e+02 -7.248955000000000000e+05 5.246790000000000000e+05
9.644330085000001418e+02 -5.762352500000000000e+05 5.246761250000000000e+05
9.675592094999999517e+02 -4.913179687500000000e+05 4.986637187500000000e+05
9.706854105000001027e+02 -4.461477187500000000e+05 4.816360937500000000e+05
9.738116114999999127e+02 -5.684107031250000000e+04 4.616701562500000000e+05
9.769378125000000637e+02 6.962792187500000000e+04 4.458960000000000000e+05
9.800640135000002147e+02 2.200095312500000000e+05 4.499060312500000000e+05
9.831902145000000246e+02 3.618221562500000000e+05 4.608946562500000000e+05
9.863164155000001756e+02 4.886332500000000000e+05 4.522749375000000000e+05
9.894426164999999855e+02 5.350166250000000000e+05 4.512714062500000000e+05
9.925688175000001365e+02 7.152687500000000000e+05 4.412366250000000000e+05
9.956950185000000602e+02 7.279049375000000000e+05 4.281791250000000000e+05
9.988212195000000975e+02 8.244965625000000000e+05 4.370890937500000000e+05
1.001947420500000135e+03 1.007828000000000000e+06 4.336272500000000000e+05
1.005073621500000058e+03 6.594983750000000000e+05 4.495236562500000000e+05
1.008199822500000096e+03 6.149207500000000000e+05 4.735969375000000000e+05
1.011326023499999906e+03 5.630098750000000000e+05 4.759871562500000000e+05
1.014452224500000057e+03 2.043131718750000000e+05 4.778062812500000000e+05
1.017578425500000208e+03 1.191031875000000000e+05 4.623446562500000000e+05
1.020704626500000018e+03 2.924031250000000000e+05 4.608064687500000000e+05
1.023830827500000169e+03 1.786778906250000000e+05 4.732956250000000000e+05
1.026957028499999979e+03 -3.204801171875000000e+04 4.845400937500000000e+05
1.030083229500000016e+03 3.944910937500000000e+04 4.929975000000000000e+05
1.033209430500000053e+03 -6.363885742187500000e+03 4.895206250000000000e+05
1.036335631500000090e+03 -2.410455000000000000e+05 4.940121562500000000e+05
1.039461832500000128e+03 5.603983984375000000e+04 4.841873125000000000e+05
1.042588033499999938e+03 -8.572298437500000000e+04 4.771618125000000000e+05
1.045714234500000202e+03 -1.585360468750000000e+05 4.863836562500000000e+05
1.048840435500000012e+03 -8.214784375000000000e+04 4.915735937500000000e+05
1.051966636500000050e+03 1.337774218750000000e+05 4.849788125000000000e+05
1.055092837500000087e+03 -1.538832500000000000e+05 4.782476562500000000e+05
1.058219038500000124e+03 -7.317828125000000000e+04 4.730682500000000000e+05
1.061345239500000162e+03 -1.309512734375000000e+05 4.710794687500000000e+05
1.064471440499999972e+03 -2.441124843750000000e+05 4.790795937500000000e+05
1.067597641500000009e+03 -2.608473242187500000e+04 4.861441250000000000e+05
1.070723842500000046e+03 -1.367252656250000000e+05 4.887273750000000000e+05
1.073850043500000083e+03 -3.726019375000000000e+05 4.845086250000000000e+05
1.076976244500000121e+03 -5.694451250000000000e+05 4.890505000000000000e+05
1.080102445499999931e+03 -8.537943750000000000e+05 4.851774062500000000e+05
1.083228646500000195e+03 -9.187225000000000000e+05 4.812893125000000000e+05
1.086354847500000005e+03 -9.592531250000000000e+05 4.862611562500000000e+05
1.089481048500000043e+03 -6.845426875000000000e+05 4.739611250000000000e+05
1.092607249500000307e+03 -4.702475625000000000e+05 4.698689062500000000e+05
1.095733450500000117e+03 -3.728628125000000000e+05 4.720390000000000000e+05
1.098859651500000155e+03 -2.588904218750000000e+05 4.632059687500000000e+05
1.101985852499999964e+03 -3.761556562500000000e+05 4.637065312500000000e+05
1.105112053500000002e+03 -2.054141406250000000e+05 4.473600937500000000e+05
1.108238254500000039e+03 -2.465228125000000000e+04 4.340988750000000000e+05
1.111364455500000076e+03 -4.122107421875000000e+04 4.345291875000000000e+05
1.114490656500000114e+03 -2.166516796875000000e+04 4.378712500000000000e+05
1.117616857499999924e+03 6.874605468750000000e+04 4.308939062500000000e+05
1.120743058500000188e+03 8.554216406250000000e+04 4.360369375000000000e+05
1.123869259499999998e+03 1.199691406250000000e+05 4.341300625000000000e+05
1.126995460500000036e+03 3.660233437500000000e+05 4.350126875000000000e+05
1.130121661500000300e+03 5.076275625000000000e+05 4.501599687500000000e+05
1.133247862500000110e+03 3.518789375000000000e+05 4.457575937500000000e+05
1.136374063500000148e+03 2.633372812500000000e+05 4.420059062500000000e+05
1.139500264499999957e+03 1.016531093750000000e+05 4.407860000000000000e+05
1.142626465499999995e+03 -1.602680000000000000e+05 4.433578750000000000e+05
1.145752666500000032e+03 -1.730676875000000000e+05 4.557702500000000000e+05
1.148878867500000069e+03 -5.455083750000000000e+05 4.625223437500000000e+05
1.152005068500000107e+03 -6.305936250000000000e+05 4.646261250000000000e+05
1.155131269499999917e+03 -5.741748125000000000e+05 4.675860312500000000e+05
1.158257470500000181e+03 -6.207241250000000000e+05 4.589796875000000000e+05
1.161383671499999991e+03 -3.103120312500000000e+05 4.654536562500000000e+05
1.164509872500000029e+03 -4.936073750000000000e+05 4.641154375000000000e+05
1.167636073500000293e+03 -3.848893437500000000e+05 4.630335000000000000e+05
1.170762274500000103e+03 -4.621280625000000000e+05 4.585851250000000000e+05
1.173888475500000141e+03 -6.405251875000000000e+05 4.650013750000000000e+05
1.177014676499999950e+03 -4.593337812500000000e+05 4.631452500000000000e+05
1.180140877499999988e+03 -2.888637187500000000e+05 4.605451562500000000e+05
1.183267078500000025e+03 -3.236846562500000000e+05 4.637576250000000000e+05
1.186393279500000062e+03 -2.063349687500000000e+05 4.605850937500000000e+05
1.189519480500000100e+03 2.461599023437500000e+04 4.477899062500000000e+05
1.192645681499999910e+03 -4.323022656250000000e+04 4.496389375000000000e+05
1.195771882500000174e+03 1.591241875000000000e+05 4.606103750000000000e+05
1.198898083499999984e+03 1.056718203125000000e+05 4.553679062500000000e+05
1.202024284500000022e+03 1.095872265625000000e+05 4.403092500000000000e+05
1.205150485500000286e+03 1.073502734375000000e+05 4.283590312500000000e+05
1.208276686500000096e+03 2.823765312500000000e+05 4.180088437500000000e+05
1.211402887500000134e+03 4.432583125000000000e+05 4.176757812500000000e+05
1.214529088499999943e+03 6.167694375000000000e+05 4.256614687500000000e+05
1.217655289500000208e+03 7.936041875000000000e+05 4.257685312500000000e+05
1.220781490500000245e+03 9.507707500000000000e+05 4.333094062500000000e+05
1.223907691500000055e+03 7.618221875000000000e+05 4.250661562500000000e+05
1.227033892500000093e+03 7.010299375000000000e+05 4.211998125000000000e+05
1.230160093499999903e+03 7.206758125000000000e+05 4.068911562500000000e+05
1.233286294500000167e+03 3.884356250000000000e+05 4.073154062500000000e+05
1.236412495500000205e+03 4.888575937500000000e+05 4.029394062500000000e+05
1.239538696500000015e+03 2.518731406250000000e+05 3.949225000000000000e+05
1.242664897500000279e+03 1.828453281250000000e+05 3.921936562500000000e+05
1.245791098500000089e+03 -1.416880761718750000e+04 3.944423750000000000e+05
1.248917299500000126e+03 -4.464555312500000000e+05 3.972151250000000000e+05
1.252043500499999936e+03 -7.421706250000000000e+05 4.028777187500000000e+05
1.255169701500000201e+03 -7.308163125000000000e+05 4.062460937500000000e+05
1.258295902500000238e+03 -8.071285000000000000e+05 4.034787812500000000e+05
1.261422103500000048e+03 -9.129853750000000000e+05 4.136147812500000000e+05
1.264548304500000086e+03 -9.525806250000000000e+05 4.105378750000000000e+05
1.267674505499999896e+03 -9.456180625000000000e+05 4.086231875000000000e+05
1.270800706500000160e+03 -9.694410625000000000e+05 4.206145000000000000e+05
1.273926907500000198e+03 -8.446715000000000000e+05 4.249394687500000000e+05
1.277053108500000008e+03 -8.369278125000000000e+05 4.178500312500000000e+05
1.280179309500000272e+03 -7.827839375000000000e+05 4.192586250000000000e+05
1.283305510500000082e+03 -8.344028125000000000e+05 4.162023125000000000e+05
1.286431711500000119e+03 -6.921220625000000000e+05 4.214745312500000000e+05
1.289557912499999929e+03 -4.616010937500000000e+05 4.400713125000000000e+05
1.292684113500000194e+03 -3.597446562500000000e+05 4.480195937500000000e+05
1.295810314500000231e+03 -2.763582187500000000e+05 4.397135000000000000e+05
1.298936515500000041e+03 -2.529946093750000000e+05 4.348129375000000000e+05
1.302062716500000079e+03 -3.694373828125000000e+04 4.311527500000000000e+05
1.305188917500000116e+03 -2.098867773437500000e+04 4.340214375000000000e+05
1.308315118500000153e+03 -1.061681171875000000e+05 4.379894687500000000e+05
1.311441319500000191e+03 -1.151638125000000000e+05 4.306385312500000000e+05
1.314567520500000001e+03 5.956071289062500000e+03 4.313018750000000000e+05
1.317693721499999810e+03 -3.136725781250000000e+04 4.352130312500000000e+05
1.320819922500000075e+03 4.546741015625000000e+04 4.279244062500000000e+05
1.323946123500000112e+03 2.565288281250000000e+05 4.294397812500000000e+05
1.327072324500000377e+03 3.715562500000000000e+04 4.309585625000000000e+05
1.330198525500000187e+03 2.078655156250000000e+05 4.231949375000000000e+05
1.333324726499999997e+03 7.908096093750000000e+04 4.222376250000000000e+05
1.336450927500000034e+03 1.695801562500000000e+05 4.193273750000000000e+05
1.339577128500000072e+03 5.740363125000000000e+05 4.124324375000000000e+05
1.342703329500000336e+03 4.382795937500000000e+05 4.068342500000000000e+05
1.345829530500000146e+03 7.282088125000000000e+05 4.126564062500000000e+05
1.348955731499999956e+03 7.937403125000000000e+05 4.115745625000000000e+05
1.352081932499999994e+03 6.747746875000000000e+05 4.096544375000000000e+05
1.355208133500000258e+03 8.306848750000000000e+05 4.065392812500000000e+05
1.358334334500000068e+03 7.895264375000000000e+05 4.082004687500000000e+05
1.361460535500000105e+03 7.668846250000000000e+05 4.093791250000000000e+05
1.364586736499999915e+03 7.236281875000000000e+05 4.219687500000000000e+05
1.367712937500000180e+03 7.619086250000000000e+05 4.289552500000000000e+05
1.370839138500000217e+03 6.750118750000000000e+05 4.253656250000000000e+05
1.373965339500000027e+03 3.697141562500000000e+05 4.266379375000000000e+05
1.377091540500000065e+03 3.697272812500000000e+05 4.202987187500000000e+05
1.380217741500000102e+03 1.313375625000000000e+05 4.171838125000000000e+05
1.383343942500000139e+03 -2.078830000000000000e+05 4.291776562500000000e+05
1.386470143500000177e+03 -2.739616250000000000e+05 4.252467500000000000e+05
1.389596344499999987e+03 -8.288793750000000000e+05 4.122382500000000000e+05
1.392722545500000024e+03 -8.948051250000000000e+05 4.097918437500000000e+05
1.395848746500000061e+03 -9.397689375000000000e+05 4.098691250000000000e+05
1.398974947500000098e+03 -1.032662187500000000e+06 4.000454062500000000e+05
1.402101148500000363e+03 -1.071198750000000000e+06 4.091157187500000000e+05
1.405227349500000173e+03 -9.033043750000000000e+05 4.090619062500000000e+05
1.408353550499999983e+03 -1.258916500000000000e+06 4.067434062500000000e+05
1.411479751500000020e+03 -1.119072000000000000e+06 4.217267500000000000e+05
1.414605952500000285e+03 -9.998222500000000000e+05 4.263951250000000000e+05
1.417732153500000322e+03 -1.064020875000000000e+06 4.339078750000000000e+05
1.420858354500000132e+03 -9.311451250000000000e+05 4.300135937500000000e+05
1.423984555499999942e+03 -8.657281875000000000e+05 4.234930312500000000e+05
1.427110756499999979e+03 -7.490855000000000000e+05 4.264518125000000000e+05
1.430236957500000244e+03 -6.616766875000000000e+05 4.138899062500000000e+05
1.433363158500000054e+03 -5.406040000000000000e+05 4.129983750000000000e+05
1.436489359500000091e+03 -5.902175000000000000e+05 4.056330312500000000e+05
1.439615560499999901e+03 -6.451309375000000000e+05 3.972155937500000000e+05
1.442741761500000166e+03 -4.390833125000000000e+05 3.998535937500000000e+05
1.445867962500000203e+03 -4.686692812500000000e+05 4.017726875000000000e+05
1.448994163500000013e+03 -3.284176250000000000e+05 3.924672812500000000e+05
1.452120364500000278e+03 -4.051100312500000000e+05 3.906528125000000000e+05
1.455246565500000088e+03 -3.886264062500000000e+05 3.867138750000000000e+05
1.458372766500000125e+03 -3.022772500000000000e+05 3.812086562500000000e+05
1.461498967500000163e+03 -2.674644062500000000e+05 3.885734375000000000e+05
1.464625168499999972e+03 -9.690798437500000000e+04 3.913462500000000000e+05
1.467751369500000010e+03 7.676346093750000000e+04 3.869223437500000000e+05
1.470877570500000047e+03 -1.991468164062500000e+04 3.907036562500000000e+05
1.474003771500000084e+03 2.456177812500000000e+05 3.906984062500000000e+05
1.477129972500000349e+03 1.237812890625000000e+05 3.982553750000000000e+05
1.480256173500000159e+03 -1.210353417968750000e+04 4.052396562500000000e+05
1.483382374499999969e+03 1.647770703125000000e+04 4.114553437500000000e+05
1.486508575500000006e+03 -1.805673437500000000e+05 4.079382187500000000e+05
1.489634776500000271e+03 -1.742353906250000000e+05 4.097060000000000000e+05
1.492760977500000308e+03 -1.526575625000000000e+05 4.033302500000000000e+05
1.495887178500000118e+03 -1.657902968750000000e+05 4.077628437500000000e+05
1.499013379499999928e+03 -1.175422031250000000e+05 4.168198125000000000e+05
1.502139580500000193e+03 3.509869375000000000e+05 4.110803125000000000e+05
1.505265781500000230e+03 2.779272500000000000e+05 4.267672500000000000e+05
1.508391982500000040e+03 2.771480312500000000e+05 4.336186562500000000e+05
1.511518183500000077e+03 4.005537500000000000e+05 4.360399687500000000e+05
1.514644384499999887e+03 5.659816875000000000e+05 4.437635000000000000e+05
1.517770585500000152e+03 4.015621250000000000e+05 4.396212812500000000e+05
1.520896786500000189e+03 3.448685312500000000e+05 4.289248437500000000e+05
1.524022987499999999e+03 2.095700937500000000e+05 4.272715000000000000e+05
1.527149188500000264e+03 -1.165416250000000000e+05 4.248196250000000000e+05
1.530275389500000074e+03 -2.998006875000000000e+05 4.120267500000000000e+05
1.533401590500000111e+03 -2.820255312500000000e+05 4.111551562500000000e+05
1.536527791500000149e+03 -1.974167500000000000e+05 4.029680937500000000e+05
1.539653992500000186e+03 -3.042101875000000000e+05 3.959263125000000000e+05
1.542780193499999996e+03 -4.658054687500000000e+05 3.990252500000000000e+05
1.545906394500000033e+03 -1.799118437500000000e+05 4.012656250000000000e+05
1.549032595500000070e+03 -2.308083750000000000e+05 3.974560000000000000e+05
1.552158796500000335e+03 -2.619039843750000000e+05 4.041825000000000000e+05
1.555284997500000145e+03 -1.664607968750000000e+05 4.025356875000000000e+05
1.558411198499999955e+03 -8.397902343750000000e+04 4.058956875000000000e+05
1.561537399499999992e+03 -8.396332812500000000e+04 3.947224375000000000e+05
1.564663600500000257e+03 -2.193668906250000000e+05 3.900317187500000000e+05
1.567789801500000294e+03 -1.715030156250000000e+05 3.890816875000000000e+05
1.570916002500000104e+03 -1.398803125000000000e+05 3.774783125000000000e+05
1.574042203499999914e+03 -2.684175937500000000e+05 3.822244062500000000e+05
1.577168404500000179e+03 -1.326329843750000000e+05 3.765011250000000000e+05
1.580294605500000216e+03 2.303413281250000000e+04 3.699629375000000000e+05
1.583420806500000026e+03 9.094641406250000000e+04 3.705189375000000000e+05
1.586547007500000063e+03 3.228907812500000000e+05 3.606046875000000000e+05
1.589673208500000101e+03 3.091042382812500000e+04 3.578165312500000000e+05
1.592799409500000138e+03 4.965466406250000000e+04 3.580845000000000000e+05
1.595925610500000175e+03 1.060115312500000000e+05 3.678548750000000000e+05
1.599051811499999985e+03 -1.139139687500000000e+05 3.709471562500000000e+05
1.602178012500000250e+03 -3.005089062500000000e+05 3.726491875000000000e+05
1.605304213500000060e+03 -8.390982031250000000e+04 3.620386250000000000e+05
1.608430414500000097e+03 -1.658398906250000000e+05 3.646197812500000000e+05
1.611556615500000362e+03 -1.069763984375000000e+05 3.614570000000000000e+05
1.614682816500000172e+03 -1.345482968750000000e+05 3.643651250000000000e+05
1.617809017500000209e+03 -2.037532031250000000e+05 3.740687187500000000e+05
1.620935218500000019e+03 -3.308466562500000000e+05 3.753903125000000000e+05
1.624061419500000056e+03 -1.498447187500000000e+05 3.760657812500000000e+05
1.627187620500000321e+03 -5.899989453125000000e+04 3.793233125000000000e+05
1.630313821500000131e+03 -1.332794843750000000e+05 3.782084062500000000e+05
1.633440022499999941e+03 -6.473028125000000000e+04 3.731512500000000000e+05
1.636566223499999978e+03 -6.930564062500000000e+04 3.772705625000000000e+05
1.639692424500000243e+03 -1.391305000000000000e+05 3.745550312500000000e+05
1.642818625500000280e+03 1.729290000000000000e+05 3.647217187500000000e+05
1.645944826500000090e+03 -2.412671679687500000e+04 3.707585312500000000e+05
1.649071027499999900e+03 3.329103125000000000e+04 3.713194062500000000e+05
1.652197228500000165e+03 1.959485000000000000e+05 3.717245312500000000e+05
1.655323429500000202e+03 1.542270468750000000e+05 3.764699375000000000e+05
1.658449630500000239e+03 7.930347656250000000e+04 3.652710312500000000e+05
1.661575831500000049e+03 2.495479218750000000e+05 3.631797500000000000e+05
1.664702032500000087e+03 2.931197500000000000e+05 3.651093437500000000e+05
1.667828233500000124e+03 5.151819375000000000e+05 3.642744062500000000e+05
1.670954434500000161e+03 7.182628750000000000e+05 3.699915000000000000e+05
1.674080635499999971e+03 7.796686875000000000e+05 3.759920937500000000e+05
1.677206836500000236e+03 6.440886250000000000e+05 3.815452500000000000e+05
1.680333037500000046e+03 5.457612500000000000e+05 3.868246562500000000e+05
1.683459238500000083e+03 6.155871875000000000e+05 3.901390625000000000e+05
1.686585439500000348e+03 3.223427187500000000e+05 3.889594687500000000e+05
1.689711640500000158e+03 2.721274687500000000e+05 3.833713125000000000e+05
1.692837841500000195e+03 2.599839218750000000e+05 3.901606250000000000e+05
1.695964042500000005e+03 2.189366250000000000e+05 3.863545625000000000e+05
1.699090243500000042e+03 2.125108750000000000e+05 3.875643437500000000e+05
1.702216444500000307e+03 4.988276875000000000e+05 3.800174375000000000e+05
1.705342645500000117e+03 3.930070937500000000e+05 3.684148750000000000e+05
1.708468846499999927e+03 3.119721562500000000e+05 3.599674062500000000e+05
1.711595047499999964e+03 1.538748437500000000e+05 3.584072812500000000e+05
1.714721248500000229e+03 -9.613439843750000000e+04 3.652948437500000000e+05
1.717847449500000266e+03 2.131933007812500000e+04 3.700790000000000000e+05
1.720973650500000076e+03 7.539096875000000000e+04 3.695111250000000000e+05
1.724099851499999886e+03 -2.728978125000000000e+05 3.723858437500000000e+05
1.727226052500000151e+03 -2.921401562500000000e+05 3.733255937500000000e+05
1.730352253500000188e+03 -2.451082500000000000e+05 3.773430312500000000e+05
1.733478454500000225e+03 -4.536697187500000000e+05 3.829710000000000000e+05
1.736604655500000263e+03 -4.661529375000000000e+05 3.864990937500000000e+05
1.739730856500000073e+03 -4.643019062500000000e+05 3.934090937500000000e+05
1.742857057500000110e+03 -4.004493437500000000e+05 3.875763437500000000e+05
1.745983258500000147e+03 -4.465900312500000000e+05 3.875122187500000000e+05
1.749109459499999957e+03 -4.144163750000000000e+05 3.805704062500000000e+05
1.752235660500000222e+03 -1.621723437500000000e+05 3.759322187500000000e+05
1.755361861500000032e+03 -3.118479687500000000e+05 3.678916562500000000e+05
1.758488062500000069e+03 -1.067896796875000000e+05 3.771312812500000000e+05
1.761614263500000334e+03 -1.692708789062500000e+04 3.767714062500000000e+05
1.764740464500000144e+03 9.056382031250000000e+04 3.705292812500000000e+05
1.767866665500000181e+03 1.261172656250000000e+05 3.712790937500000000e+05
1.770992866499999991e+03 9.181047656250000000e+04 3.669527812500000000e+05
1.774119067500000256e+03 2.157171562500000000e+05 3.578014375000000000e+05
1.777245268500000293e+03 1.045161015625000000e+05 3.542229687500000000e+05
1.780371469500000103e+03 2.374977343750000000e+05 3.451703125000000000e+05
1.783497670499999913e+03 2.302271250000000000e+05 3.430125937500000000e+05
1.786623871499999950e+03 3.111791250000000000e+05 3.430523437500000000e+05
1.789750072500000215e+03 3.577840625000000000e+05 3.430009687500000000e+05
1.792876273500000252e+03 3.125065937500000000e+05 3.554123437500000000e+05
1.796002474500000062e+03 3.062319687500000000e+05 3.614999687500000000e+05
1.799128675499999872e+03 4.804199687500000000e+05 3.566585625000000000e+05
1.802254876500000137e+03 4.444326250000000000e+05 3.563961875000000000e+05
1.805381077500000174e+03 5.639356250000000000e+05 3.496962500000000000e+05
1.808507278500000211e+03 5.339607500000000000e+05 3.396573125000000000e+05
1.811633479500000249e+03 4.503246250000000000e+05 3.422045000000000000e+05
1.814759680500000059e+03 4.381885000000000000e+05 3.413966250000000000e+05
1.817885881500000096e+03 5.236910937500000000e+05 3.420184375000000000e+05
1.821012082500000133e+03 3.442470000000000000e+05 3.487502500000000000e+05
1.824138283500000171e+03 3.572679375000000000e+05 3.511303750000000000e+05
1.827264484500000208e+03 4.462219687500000000e+05 3.467318437500000000e+05
1.830390685500000018e+03 4.854157187500000000e+05 3.517530937500000000e+05
1.833516886500000055e+03 6.098933125000000000e+05 3.573409375000000000e+05
1.836643087500000320e+03 7.659914375000000000e+05 3.549424062500000000e+05
1.839769288500000130e+03 6.474165625000000000e+05 3.546214687500000000e+05
1.842895489500000167e+03 6.816356250000000000e+05 3.483462812500000000e+05
1.846021690499999977e+03 3.972844375000000000e+05 3.527570312500000000e+05
1.849147891500000242e+03 2.965569687500000000e+05 3.539504375000000000e+05
1.852274092500000279e+03 1.552587500000000000e+05 3.565106562500000000e+05
1.855400293500000089e+03 2.209589843750000000e+04 3.604746875000000000e+05
1.858526494499999899e+03 -3.710568750000000000e+04 3.596891875000000000e+05
1.861652695500000164e+03 -6.940368750000000000e+04 3.616234062500000000e+05
1.864778896500000201e+03 -2.645362187500000000e+05 3.590435625000000000e+05
1.867905097500000238e+03 -5.214834375000000000e+04 3.578411875000000000e+05
1.871031298500000048e+03 6.417510937500000000e+04 3.590200625000000000e+05
1.874157499499999858e+03 -7.501253125000000000e+04 3.606489062500000000e+05
1.877283700500000123e+03 1.338611250000000000e+05 3.541518125000000000e+05
1.880409901500000160e+03 2.085530000000000000e+05 3.582393750000000000e+05
1.883536102500000425e+03 2.198860312500000000e+05 3.594988437500000000e+05
1.886662303500000235e+03 3.112592500000000000e+05 3.551107812500000000e+05
1.889788504500000045e+03 2.494053125000000000e+05 3.658012812500000000e+05
1.892914705500000082e+03 1.084814062500000000e+05 3.713855312500000000e+05
1.896040906500000119e+03 9.278641406250000000e+04 3.838862187500000000e+05
1.899167107500000157e+03 1.256634218750000000e+05 3.740716562500000000e+05
1.902293308500000194e+03 1.436826093750000000e+05 3.688733750000000000e+05
1.905419509500000004e+03 1.647677187500000000e+05 3.609426562500000000e+05
1.908545710500000041e+03 2.305083125000000000e+05 3.573873750000000000e+05
1.911671911500000306e+03 3.556214687500000000e+05 3.596897812500000000e+05
1.914798112500000116e+03 1.091005390625000000e+05 3.504452187500000000e+05
1.917924313500000153e+03 1.503436718750000000e+05 3.533671875000000000e+05
1.921050514499999963e+03 -5.924489453125000000e+04 3.474984687500000000e+05
1.924176715500000228e+03 -1.335530781250000000e+05 3.382625937500000000e+05
1.927302916500000265e+03 -4.453443437500000000e+05 3.423850000000000000e+05
1.930429117500000075e+03 -5.291359375000000000e+05 3.430172500000000000e+05
1.933555318499999885e+03 -6.740173125000000000e+05 3.416354062500000000e+05
1.936681519500000149e+03 -6.987720625000000000e+05 3.470020312500000000e+05
1.939807720500000187e+03 -5.906899375000000000e+05 3.487793437500000000e+05
1.942933921500000224e+03 -4.317941562500000000e+05 3.430166250000000000e+05
1.946060122500000034e+03 -4.671125625000000000e+05 3.458113750000000000e+05
1.949186323500000071e+03 -5.112467187500000000e+05 3.451386875000000000e+05
1.952312524500000109e+03 -3.380867187500000000e+05 3.421879062500000000e+05
1.955438725500000146e+03 -4.304427500000000000e+05 3.379106875000000000e+05
1.958564926500000411e+03 -4.968185625000000000e+05 3.399805625000000000e+05
1.961691127500000221e+03 -2.671015312500000000e+05 3.390375312500000000e+05
1.964817328500000031e+03 -3.700608125000000000e+05 3.403133125000000000e+05
1.967943529500000068e+03 -1.433572031250000000e+05 3.353975937500000000e+05
1.971069730500000333e+03 -6.097468261718750000e+03 3.354993750000000000e+05
1.974195931500000142e+03 6.206772265625000000e+04 3.372528437500000000e+05
1.977322132500000180e+03 1.628500312500000000e+05 3.360470625000000000e+05
1.980448333499999990e+03 2.169366992187500000e+04 3.426688437500000000e+05
1.983574534500000027e+03 2.349008593750000000e+05 3.409995000000000000e+05
1.986700735500000292e+03 4.307600625000000000e+05 3.350856875000000000e+05
1.989826936500000102e+03 3.086223437500000000e+05 3.289667500000000000e+05
1.992953137500000139e+03 2.131143281250000000e+05 3.225887500000000000e+05
1.996079338499999949e+03 1.993936718750000000e+05 3.238866562500000000e+05
1.999205539500000214e+03 2.261713125000000000e+05 3.187962500000000000e+05
2.002331740500000251e+03 2.817107187500000000e+05 3.161647187500000000e+05
2.005457941500000061e+03 3.070077812500000000e+05 3.255178125000000000e+05
2.008584142500000326e+03 3.644780000000000000e+05 3.310268437500000000e+05
2.011710343500000135e+03 3.599140000000000000e+05 3.342978750000000000e+05
2.014836544500000173e+03 3.183445625000000000e+05 3.340257187500000000e+05
2.017962745500000210e+03 3.853525937500000000e+05 3.331357500000000000e+05
2.021088946500000247e+03 6.394201875000000000e+05 3.332151250000000000e+05
2.024215147500000057e+03 5.332288750000000000e+05 3.305804062500000000e+05
2.027341348500000095e+03 5.255629375000000000e+05 3.262022812500000000e+05
2.030467549500000132e+03 4.606215625000000000e+05 3.237809687500000000e+05
2.033593750500000397e+03 5.733573125000000000e+05 3.298655000000000000e+05
2.036719951500000207e+03 5.291983750000000000e+05 3.328061250000000000e+05
2.039846152500000017e+03 3.272715312500000000e+05 3.355867812500000000e+05
2.042972353500000054e+03 3.190004062500000000e+05 3.402955312500000000e+05
2.046098554500000319e+03 1.949324375000000000e+05 3.296569687500000000e+05
2.049224755500000356e+03 -3.148993164062500000e+04 3.303250625000000000e+05
2.052350956500000393e+03 5.853416015625000000e+04 3.384734375000000000e+05
2.055477157499999976e+03 3.664371484375000000e+04 3.478091562500000000e+05
2.058603358500000013e+03 -2.319612031250000000e+05 3.542442187500000000e+05
2.061729559500000050e+03 -3.847640312500000000e+05 3.515873437500000000e+05
2.064855760500000088e+03 -5.556684375000000000e+05 3.456416562500000000e+05
2.067981961500000125e+03 -5.289596250000000000e+05 3.384006250000000000e+05
2.071108162500000162e+03 -5.980782500000000000e+05 3.391244687500000000e+05
2.074234363500000200e+03 -4.806725000000000000e+05 3.388374687500000000e+05
2.077360564500000237e+03 -3.388019687500000000e+05 3.407627812500000000e+05
2.080486765500000274e+03 -3.652264375000000000e+05 3.376580312500000000e+05
2.083612966500000311e+03 -1.398173593750000000e+05 3.254801250000000000e+05
2.086739167499999894e+03 1.744842187500000000e+05 3.232260000000000000e+05
2.089865368500000386e+03 -1.803606445312500000e+04 3.170558437500000000e+05
2.092991569500000423e+03 1.975805000000000000e+05 3.184493750000000000e+05
2.096117770500000006e+03 2.491390156250000000e+05 3.253702812500000000e+05
2.099243971500000043e+03 2.810048632812500000e+04 3.294302500000000000e+05
2.102370172500000081e+03 -3.613508593750000000e+04 3.250259062500000000e+05
2.105496373500000118e+03 1.567314843750000000e+05 3.249337187500000000e+05
2.108622574500000155e+03 9.109644531250000000e+04 3.185627812500000000e+05
2.111748775500000193e+03 6.438359375000000000e+04 3.209413750000000000e+05
2.114874976499999775e+03 9.656202343750000000e+04 3.253825312500000000e+05
2.118001177500000267e+03 -1.726898632812500000e+04 3.337224375000000000e+05
2.121127378500000304e+03 8.016564843750000000e+04 3.297285000000000000e+05
2.124253579500000342e+03 3.573125000000000000e+04 3.280687187500000000e+05
2.127379780500000379e+03 -5.094272656250000000e+04 3.308251250000000000e+05
2.130505981499999962e+03 1.715695000000000000e+05 3.306121250000000000e+05
2.133632182499999999e+03 1.787270000000000000e+05 3.338030312500000000e+05
2.136758383500000036e+03 2.256780000000000000e+05 3.310903125000000000e+05
2.139884584500000074e+03 1.916583906250000000e+05 3.280428125000000000e+05
2.143010785500000111e+03 4.248797656250000000e+04 3.292329062500000000e+05
2.146136986500000148e+03 -4.495568359375000000e+03 3.229033750000000000e+05
2.149263187500000186e+03 -8.311142968750000000e+04 3.211333750000000000e+05
2.152389388500000223e+03 -9.496867968750000000e+04 3.162660312500000000e+05
2.155515589500000260e+03 3.466784375000000000e+04 3.136036250000000000e+05
2.158641790500000297e+03 -1.995748125000000000e+05 3.254952187500000000e+05
2.161767991499999880e+03 -2.564444062500000000e+05 3.279041562500000000e+05
2.164894192500000372e+03 -3.219134375000000000e+05 3.244162500000000000e+05
2.168020393500000409e+03 -3.354550625000000000e+05 3.313590312500000000e+05
2.171146594499999992e+03 -2.185351250000000000e+05 3.284884062500000000e+05
2.174272795500000029e+03 -2.476634375000000000e+05 3.261996562500000000e+05
2.177398996500000067e+03 -3.526172500000000000e+05 3.226921875000000000e+05
2.180525197500000104e+03 -2.656883437500000000e+05 3.188378125000000000e+05
2.183651398500000141e+03 -2.543959687500000000e+05 3.107055312500000000e+05
2.186777599500000179e+03 -2.095479062500000000e+05 3.017850625000000000e+05
2.189903800500000216e+03 -8.380111718750000000e+04 3.024103750000000000e+05
2.193030001500000253e+03 1.132938593750000000e+05 3.081432187500000000e+05
2.196156202500000290e+03 1.492339062500000000e+05 3.118380937500000000e+05
2.199282403500000328e+03 -2.512696875000000000e+04 3.220173437500000000e+05
2.202408604500000365e+03 -1.205166718750000000e+05 3.261008437500000000e+05
2.205534805499999948e+03 -2.398831634521484375e+02 3.320600625000000000e+05
2.208661006499999985e+03 2.157579296875000000e+04 3.298093750000000000e+05
2.211787207500000477e+03 -2.273259960937500000e+04 3.270860000000000000e+05
2.214913408500000060e+03 4.564494140625000000e+04 3.196300312500000000e+05
2.218039609500000097e+03 -1.119484531250000000e+05 3.137684062500000000e+05
2.221165810500000134e+03 -2.096331718750000000e+05 3.188472812500000000e+05
2.224292011500000172e+03 -2.009212343750000000e+05 3.170709062500000000e+05
2.227418212500000209e+03 -2.433098906250000000e+05 3.190673750000000000e+05
2.230544413500000246e+03 -4.076434375000000000e+05 3.234037500000000000e+05
2.233670614500000283e+03 -4.654148750000000000e+05 3.316550625000000000e+05
2.236796815499999866e+03 -4.345380625000000000e+05 3.387064375000000000e+05
2.239923016500000358e+03 -3.972847187500000000e+05 3.428130937500000000e+05
2.243049217500000395e+03 -5.423912500000000000e+05 3.400475625000000000e+05
2.246175418499999978e+03 -5.270966250000000000e+05 3.351469062500000000e+05
2.249301619500000015e+03 -4.868180312500000000e+05 3.299088437500000000e+05
2.252427820500000053e+03 -5.035091875000000000e+05 3.277110937500000000e+05
2.255554021500000090e+03 -5.198526562500000000e+05 3.190464062500000000e+05
2.258680222500000127e+03 -6.037035000000000000e+05 3.180434687500000000e+05
2.261806423500000164e+03 -6.571736250000000000e+05 3.189442187500000000e+05
2.264932624500000202e+03 -7.322781875000000000e+05 3.192954687500000000e+05
2.268058825500000239e+03 -8.482909375000000000e+05 3.220022812500000000e+05
2.271185026500000276e+03 -8.438208750000000000e+05 3.175109375000000000e+05
2.274311227500000314e+03 -6.330813750000000000e+05 3.165767500000000000e+05
2.277437428500000351e+03 -5.514321250000000000e+05 3.216700000000000000e+05
2.280563629499999934e+03 -3.219110312500000000e+05 3.236272500000000000e+05
2.283689830499999971e+03 -4.640423125000000000e+05 3.257240312500000000e+05
2.286816031500000463e+03 -3.898326250000000000e+05 3.295571250000000000e+05
2.289942232500000046e+03 -4.380603125000000000e+05 3.222276250000000000e+05
2.293068433500000083e+03 -5.510147500000000000e+05 3.301830937500000000e+05
2.296194634500000120e+03 -5.757051875000000000e+05 3.271400625000000000e+05
2.299320835500000157e+03 -5.195408437500000000e+05 3.295527500000000000e+05
2.302447036500000195e+03 -4.426196250000000000e+05 3.367872187500000000e+05
2.305573237500000232e+03 -4.476275312500000000e+05 3.362362812500000000e+05
2.308699438500000269e+03 -4.121477500000000000e+05 3.433501250000000000e+05
2.311825639499999852e+03 -3.810255312500000000e+05 3.359368125000000000e+05
2.314951840500000344e+03 -5.211773125000000000e+05 3.285130312500000000e+05
2.318078041500000381e+03 -3.915673437500000000e+05 3.279180937500000000e+05
2.321204242499999964e+03 -2.942007500000000000e+05 3.178424375000000000e+05
2.324330443500000001e+03 -1.735417500000000000e+05 3.141855937500000000e+05
2.327456644500000039e+03 -1.795412812500000000e+05 3.147060312500000000e+05
2.330582845500000076e+03 -2.857848750000000000e+05 3.120280937500000000e+05
2.333709046500000113e+03 -4.013556250000000000e+05 3.145410312500000000e+05
2.336835247500000150e+03 -4.583445937500000000e+05 3.174287500000000000e+05
2.339961448500000188e+03 -3.601146250000000000e+05 3.129801875000000000e+05
2.343087649500000225e+03 -2.905253125000000000e+05 3.118630625000000000e+05
2.346213850500000262e+03 -1.403500468750000000e+05 3.064157187500000000e+05
2.349340051500000300e+03 -6.890337500000000000e+04 3.064912812500000000e+05
2.352466252500000337e+03 -3.870566894531250000e+03 3.021179687500000000e+05
2.355592453499999920e+03 -1.212129375000000000e+05 2.965192812500000000e+05
2.358718654499999957e+03 -3.386916406250000000e+04 2.972043750000000000e+05
2.361844855500000449e+03 -5.192700390625000000e+04 2.914796562500000000e+05
2.364971056500000032e+03 -1.047762734375000000e+05 2.898862812500000000e+05
2.368097257500000069e+03 -1.026681250000000000e+05 2.951642187500000000e+05
2.371223458500000106e+03 -7.326104687500000000e+04 2.929255937500000000e+05
2.374349659500000143e+03 1.415809531250000000e+05 2.951128125000000000e+05
2.377475860500000181e+03 1.149995156250000000e+05 2.941794687500000000e+05
2.380602061500000218e+03 7.842010156250000000e+04 2.981805937500000000e+05
2.383728262500000255e+03 9.776060156250000000e+04 2.972955312500000000e+05
2.386854463500000293e+03 1.049066015625000000e+05 2.972428125000000000e+05
2.389980664500000330e+03 8.243812500000000000e+04 2.994758437500000000e+05
2.393106865500000367e+03 1.548166718750000000e+05 3.049193125000000000e+05
2.396233066499999950e+03 1.718057031250000000e+05 3.111405000000000000e+05
2.399359267499999987e+03 1.442468593750000000e+05 3.129317812500000000e+05
2.402485468500000025e+03 2.600761406250000000e+05 3.081549375000000000e+05
2.405611669500000062e+03 1.656513437500000000e+05 3.100140625000000000e+05
2.408737870500000554e+03 -3.222989453125000000e+04 3.197139375000000000e+05
2.411864071500000136e+03 -8.994500000000000000e+04 3.185243750000000000e+05
2.414990272500000174e+03 9.798941406250000000e+04 3.194089375000000000e+05
2.418116473500000211e+03 5.393835156250000000e+04 3.162981875000000000e+05
2.421242674500000248e+03 8.017992968750000000e+04 3.104857500000000000e+05
2.424368875500000286e+03 1.173693359375000000e+05 3.121385312500000000e+05
2.427495076500000323e+03 1.513022187500000000e+05 3.018676875000000000e+05
2.430621277499999906e+03 1.817864218750000000e+05 3.009173750000000000e+05
2.433747478499999943e+03 4.854685937500000000e+05 3.074059375000000000e+05
2.436873679500000435e+03 3.806419687500000000e+05 3.014252500000000000e+05
2.439999880500000472e+03 6.017763125000000000e+05 3.109735312500000000e+05
2.443126081500000055e+03 8.367235625000000000e+05 3.021053750000000000e+05
2.446252282500000092e+03 7.410255000000000000e+05 2.956377812500000000e+05
2.449378483500000129e+03 8.212984375000000000e+05 2.961925000000000000e+05
2.452504684500000167e+03 7.657259375000000000e+05 3.009309062500000000e+05
2.455630885500000204e+03 5.688260000000000000e+05 2.978183437500000000e+05
2.458757086500000241e+03 6.112410625000000000e+05 2.973636562500000000e+05
2.461883287500000279e+03 5.355345625000000000e+05 2.979379375000000000e+05
2.465009488500000316e+03 3.189636562500000000e+05 3.036535000000000000e+05
2.468135689500000353e+03 2.185586875000000000e+05 3.126823437500000000e+05
2.471261890499999936e+03 -1.037207265625000000e+05 3.154091875000000000e+05
2.474388091500000428e+03 -8.505849218750000000e+04 3.140518437500000000e+05
2.477514292500000010e+03 -8.709535937500000000e+04 3.087690625000000000e+05
2.480640493500000048e+03 -3.731109765625000000e+04 3.030358750000000000e+05
2.483766694500000540e+03 -3.647541796875000000e+04 2.997731250000000000e+05
2.486892895500000122e+03 -5.533205468750000000e+04 2.969653125000000000e+05
2.490019096500000160e+03 -1.197315703125000000e+05 2.977886562500000000e+05
2.493145297500000197e+03 8.875637695312500000e+03 2.944070000000000000e+05
2.496271498500000234e+03 1.266208828125000000e+05 2.922474687500000000e+05
2.499397699500000272e+03 2.508766718750000000e+05 2.888207500000000000e+05
2.502523900500000309e+03 3.004109375000000000e+05 2.906692187500000000e+05
2.505650101499999892e+03 3.559482187500000000e+05 2.952497187500000000e+05
2.508776302499999929e+03 3.588990312500000000e+05 2.964180312500000000e+05
2.511902503500000421e+03 2.473676875000000000e+05 3.003907500000000000e+05
2.515028704500000458e+03 2.982689062500000000e+05 3.038861875000000000e+05
2.518154905500000041e+03 4.855004375000000000e+05 3.107074687500000000e+05
2.521281106500000078e+03 4.710533750000000000e+05 3.147824687500000000e+05
2.524407307500000115e+03 3.271110625000000000e+05 3.081675000000000000e+05
2.527533508500000153e+03 4.487303125000000000e+05 3.137815312500000000e+05
2.530659709500000190e+03 4.287180625000000000e+05 3.112051562500000000e+05
2.533785910500000227e+03 2.856664375000000000e+05 3.114903125000000000e+05
2.536912111500000265e+03 3.035329687500000000e+05 3.150893437500000000e+05
2.540038312500000302e+03 2.897392187500000000e+05 3.189704687500000000e+05
2.543164513500000339e+03 -5.457609863281250000e+03 3.081170937500000000e+05
2.546290714499999922e+03 3.939280859375000000e+04 3.086455000000000000e+05
2.549416915500000414e+03 -7.927800781250000000e+04 3.108311250000000000e+05
2.552543116499999996e+03 -1.793497812500000000e+05 3.009902187500000000e+05
2.555669317500000034e+03 -1.531180000000000000e+05 3.072214375000000000e+05
2.558795518500000526e+03 -2.735816562500000000e+05 3.131762187500000000e+05
2.561921719500000108e+03 -3.626491250000000000e+05 3.064540000000000000e+05
2.565047920500000146e+03 -3.833053750000000000e+05 3.033880625000000000e+05
2.568174121500000183e+03 -2.634297187500000000e+05 2.998878750000000000e+05
2.571300322500000220e+03 -3.451235000000000000e+05 2.924688750000000000e+05
2.574426523500000258e+03 -1.775780781250000000e+05 2.922932187500000000e+05
2.577552724500000295e+03 -1.512873281250000000e+05 2.926996250000000000e+05
2.580678925499999878e+03 -2.536235625000000000e+05 2.868646250000000000e+05
2.583805126500000370e+03 -3.077135546875000000e+04 2.936717187500000000e+05
2.586931327500000407e+03 -2.426906640625000000e+04 2.935205312500000000e+05
2.590057528500000444e+03 -3.192415039062500000e+04 2.905409375000000000e+05
2.593183729500000027e+03 1.922634218750000000e+05 2.943395312500000000e+05
2.596309930500000064e+03 2.609285625000000000e+05 3.001048750000000000e+05
2.599436131500000101e+03 1.875963750000000000e+05 3.022131875000000000e+05
2.602562332500000139e+03 2.014886718750000000e+05 3.029874687500000000e+05
2.605688533500000631e+03 3.430463437500000000e+05 3.108359062500000000e+05
2.608814734500000668e+03 4.733064062500000000e+05 3.144720312500000000e+05
2.611940935500000251e+03 4.560493437500000000e+05 3.104722500000000000e+05
2.615067136500000288e+03 5.931858125000000000e+05 3.067865625000000000e+05
2.618193337500000325e+03 5.743687500000000000e+05 3.073980000000000000e+05
2.621319538499999908e+03 5.170877812500000000e+05 3.045910937500000000e+05
2.624445739499999945e+03 5.867940000000000000e+05 3.080061250000000000e+05
2.627571940499999982e+03 5.993745625000000000e+05 3.106560312500000000e+05
2.630698141500000020e+03 5.733985625000000000e+05 3.105888125000000000e+05
2.633824342500000512e+03 7.104964375000000000e+05 3.128441250000000000e+05
2.636950543500000549e+03 5.404228750000000000e+05 3.100983437500000000e+05
2.640076744500000132e+03 6.864583750000000000e+05 3.089095312500000000e+05
2.643202945500000169e+03 4.891786250000000000e+05 3.080601250000000000e+05
2.646329146500000206e+03 3.149857187500000000e+05 3.023746875000000000e+05
2.649455347500000244e+03 4.194115000000000000e+05 3.088615937500000000e+05
2.652581548499999826e+03 3.826210625000000000e+05 3.053298750000000000e+05
2.655707749499999863e+03 2.740103437500000000e+05 3.007942187500000000e+05
2.658833950500000356e+03 4.273998437500000000e+05 2.966154375000000000e+05
2.661960151500000393e+03 2.667437187500000000e+05 2.972212500000000000e+05
2.665086352500000430e+03 1.818291250000000000e+05 2.940499687500000000e+05
2.668212553500000467e+03 4.798323125000000000e+05 2.925142812500000000e+05
2.671338754500000050e+03 4.531303437500000000e+05 2.888469062500000000e+05
2.674464955500000087e+03 3.190775937500000000e+05 2.855524062500000000e+05
2.677591156500000125e+03 4.866038750000000000e+05 2.920967812500000000e+05
2.680717357500000617e+03 3.267633750000000000e+05 2.920864375000000000e+05
2.683843558499999745e+03 3.383847500000000000e+05 2.919080000000000000e+05
2.686969759500000237e+03 3.549596875000000000e+05 2.928876875000000000e+05
2.690095960500000274e+03 3.881037187500000000e+05 2.942573750000000000e+05
2.693222161500000311e+03 2.459476562500000000e+05 2.938806875000000000e+05
2.696348362500000349e+03 2.327880937500000000e+05 2.951771562500000000e+05
2.699474563499999931e+03 -9.241170898437500000e+03 2.952770312500000000e+05
2.702600764499999968e+03 -1.137043984375000000e+05 2.897919687500000000e+05
2.705726965500000006e+03 -1.913947968750000000e+05 2.892266250000000000e+05
2.708853166500000498e+03 -2.975939375000000000e+05 2.913871875000000000e+05
2.711979367500000080e+03 -1.329534687500000000e+05 2.895028125000000000e+05
2.715105568500000118e+03 -1.994380000000000000e+05 2.872686875000000000e+05
2.718231769500000155e+03 -2.123580781250000000e+05 2.886999062500000000e+05
2.721357970500000192e+03 -1.380746562500000000e+05 2.878503437500000000e+05
2.724484171500000230e+03 -1.373697031250000000e+05 2.921994375000000000e+05
2.727610372500000267e+03 -1.585240468750000000e+05 2.968699062500000000e+05
2.730736573499999849e+03 -1.154718671875000000e+05 2.880613437500000000e+05
2.733862774500000342e+03 -3.463730937500000000e+05 2.951622187500000000e+05
2.736988975500000379e+03 -4.216050000000000000e+05 2.980957500000000000e+05
2.740115176500000416e+03 -4.105915312500000000e+05 2.951803125000000000e+05
2.743241377499999999e+03 -5.714206250000000000e+05 2.972339375000000000e+05
2.746367578500000036e+03 -4.857183125000000000e+05 2.973579375000000000e+05
2.749493779500000073e+03 -6.080416250000000000e+05 2.945748750000000000e+05
2.752619980500000111e+03 -5.889998750000000000e+05 2.953881875000000000e+05
2.755746181500000603e+03 -4.602677812500000000e+05 2.934981250000000000e+05
2.758872382500000640e+03 -4.951795000000000000e+05 2.932083750000000000e+05
2.761998583500000223e+03 -4.084672812500000000e+05 2.897621562500000000e+05
2.765124784500000260e+03 -6.008403750000000000e+05 2.892231250000000000e+05
2.768250985500000297e+03 -4.102830312500000000e+05 2.899992500000000000e+05
2.771377186499999880e+03 -3.730434375000000000e+05 2.868489062500000000e+05
2.774503387499999917e+03 -3.621477500000000000e+05 2.932247500000000000e+05
2.777629588499999954e+03 -2.173068437500000000e+05 2.945657500000000000e+05
2.780755789499999992e+03 -3.487019687500000000e+05 2.952786250000000000e+05
2.783881990500000484e+03 -3.427594375000000000e+05 2.953049687500000000e+05
2.787008191500000521e+03 -1.888679375000000000e+05 2.903248125000000000e+05
2.790134392500000104e+03 -1.246994296875000000e+05 2.887230937500000000e+05
2.793260593500000141e+03 -1.020541484375000000e+05 2.937170312500000000e+05
2.796386794500000178e+03 -4.557112109375000000e+04 2.939862812500000000e+05
2.799512995500000216e+03 -4.290283984375000000e+04 2.945493750000000000e+05
2.802639196499999798e+03 -2.444012109375000000e+04 2.993850937500000000e+05
2.805765397499999835e+03 1.140655468750000000e+04 2.960564375000000000e+05
2.808891598500000327e+03 6.861888281250000000e+04 2.945878125000000000e+05
2.812017799500000365e+03 1.311780937500000000e+05 2.990767187500000000e+05
2.815144000500000402e+03 1.009140234375000000e+05 2.995506875000000000e+05
2.818270201500000439e+03 4.682855468750000000e+04 2.972893750000000000e+05
2.821396402500000022e+03 3.326883593750000000e+04 2.997253750000000000e+05
2.824522603500000059e+03 7.781469531250000000e+04 2.920030937500000000e+05
2.827648804500000097e+03 -1.119150703125000000e+05 2.972545937500000000e+05
2.830775005500000589e+03 -4.294820800781250000e+03 2.881006250000000000e+05
2.833901206500000171e+03 -1.599905625000000000e+05 2.862213750000000000e+05
2.837027407500000209e+03 -2.974807500000000000e+05 2.821203125000000000e+05
2.840153608500000246e+03 -4.602493750000000000e+05 2.774684375000000000e+05
2.843279809500000283e+03 -5.167749375000000000e+05 2.759496250000000000e+05
2.846406010500000320e+03 -4.862717500000000000e+05 2.787543125000000000e+05
2.849532211500000358e+03 -3.873067812500000000e+05 2.784169375000000000e+05
2.852658412499999940e+03 -3.387899375000000000e+05 2.728859062500000000e+05
2.855784613500000432e+03 -2.197369531250000000e+05 2.738619062500000000e+05
2.858910814500000470e+03 -3.605560625000000000e+05 2.700897812500000000e+05
2.862037015500000052e+03 -3.596956562500000000e+05 2.719276250000000000e+05
2.865163216500000090e+03 -4.050343125000000000e+05 2.737505312500000000e+05
2.868289417500000127e+03 -3.356355937500000000e+05 2.752697812500000000e+05
2.871415618500000164e+03 -1.144600390625000000e+05 2.719529687500000000e+05
2.874541819500000202e+03 -1.990001718750000000e+05 2.694994375000000000e+05
2.877668020500000694e+03 -1.419284531250000000e+05 2.746769375000000000e+05
2.880794221499999821e+03 -7.703572656250000000e+04 2.708861562500000000e+05
2.883920422500000313e+03 -1.489076250000000000e+05 2.675944062500000000e+05
2.887046623500000351e+03 -2.434092343750000000e+05 2.708738437500000000e+05
2.890172824500000388e+03 -1.639017031250000000e+05 2.692595625000000000e+05
2.893299025499999971e+03 -2.218315000000000000e+05 2.707074687500000000e+05
2.896425226500000008e+03 -3.238906562500000000e+05 2.697935000000000000e+05
2.899551427500000045e+03 -2.777634375000000000e+05 2.704640312500000000e+05
2.902677628500000083e+03 -3.011148125000000000e+05 2.690150625000000000e+05
2.905803829500000575e+03 -3.092849687500000000e+05 2.702308125000000000e+05
2.908930030500000612e+03 -3.407917812500000000e+05 2.723578437500000000e+05
2.912056231500000195e+03 -4.067672187500000000e+05 2.725725937500000000e+05
2.915182432500000232e+03 -4.637075000000000000e+05 2.694268437500000000e+05
2.918308633500000269e+03 -4.128686875000000000e+05 2.675831875000000000e+05
2.921434834500000306e+03 -4.981180000000000000e+05 2.703876562500000000e+05
2.924561035499999889e+03 -3.656595312500000000e+05 2.692768750000000000e+05
2.927687236499999926e+03 -2.939536875000000000e+05 2.672556250000000000e+05
2.930813437500000418e+03 -1.282589140625000000e+05 2.708773750000000000e+05
2.933939638500000456e+03 -9.141240625000000000e+04 2.740627187500000000e+05
2.937065839500000493e+03 -1.933099414062500000e+04 2.743628750000000000e+05
2.940192040500000076e+03 1.387695937500000000e+05 2.780873437500000000e+05
2.943318241500000113e+03 3.499005312500000000e+05 2.802615625000000000e+05
2.946444442500000150e+03 4.934102500000000000e+05 2.859000000000000000e+05
2.949570643500000187e+03 5.157494687500000000e+05 2.882048437500000000e+05
2.952696844499999770e+03 3.967934687500000000e+05 2.847807500000000000e+05
2.955823045499999807e+03 4.010659687500000000e+05 2.850192187500000000e+05
2.958949246500000299e+03 3.770220937500000000e+05 2.830956250000000000e+05
2.962075447500000337e+03 4.273159375000000000e+05 2.833188437500000000e+05
2.965201648500000374e+03 4.037679062500000000e+05 2.863722187500000000e+05
2.968327849500000411e+03 3.494646562500000000e+05 2.806220937500000000e+05
2.971454050499999994e+03 3.380945937500000000e+05 2.833006875000000000e+05
2.974580251500000031e+03 2.966680937500000000e+05 2.841237812500000000e+05
2.977706452500000069e+03 1.406984531250000000e+05 2.810670625000000000e+05
2.980832653500000561e+03 5.586483203125000000e+04 2.814697812500000000e+05
2.983958854500000143e+03 1.079356484375000000e+05 2.842285937500000000e+05
2.987085055500000180e+03 7.005479687500000000e+04 2.839981562500000000e+05
2.990211256500000218e+03 -1.362124843750000000e+05 2.800385000000000000e+05
2.993337457500000255e+03 -1.572003125000000000e+05 2.835343125000000000e+05
2.996463658500000292e+03 -2.326122343750000000e+05 2.838897812500000000e+05
2.999589859500000330e+03 -1.542993125000000000e+05 2.804048750000000000e+05
3.002716060499999912e+03 -1.756110000000000000e+05 2.826043125000000000e+05
3.005842261500000404e+03 -2.173475937500000000e+05 2.847628125000000000e+05
3.008968462500000442e+03 -1.327349531250000000e+05 2.839070000000000000e+05
3.012094663500000024e+03 -8.984406250000000000e+04 2.869600312500000000e+05
3.015220864500000062e+03 -8.678657031250000000e+04 2.862612500000000000e+05
3.018347065500000099e+03 -8.416757031250000000e+04 2.849731562500000000e+05
3.021473266500000136e+03 1.348815429687500000e+03 2.852947812500000000e+05
3.024599467500000173e+03 -1.132472031250000000e+05 2.815602812500000000e+05
3.027725668500000666e+03 -2.384134765625000000e+04 2.824655312500000000e+05
3.030851869500000248e+03 -2.067302539062500000e+04 2.850554375000000000e+05
3.033978070500000285e+03 -2.329033007812500000e+04 2.790509062500000000e+05
3.037104271500000323e+03 -6.453269140625000000e+04 2.800277812500000000e+05
3.040230472500000360e+03 -9.821517578125000000e+03 2.766998125000000000e+05
3.043356673499999943e+03 7.861742968750000000e+04 2.712108750000000000e+05
3.046482874499999980e+03 1.097650703125000000e+05 2.696274062500000000e+05
3.049609075500000017e+03 1.956402968750000000e+05 2.656984687500000000e+05
3.052735276500000509e+03 2.752920312500000000e+05 2.674184375000000000e+05
3.055861477500000547e+03 3.362593437500000000e+05 2.749050000000000000e+05
3.058987678500000584e+03 4.322901875000000000e+05 2.758259687500000000e+05
3.062113879500000166e+03 3.591252187500000000e+05 2.744695937500000000e+05
3.065240080500000204e+03 4.052735625000000000e+05 2.761702187500000000e+05
3.068366281500000241e+03 4.267322500000000000e+05 2.744702812500000000e+05
3.071492482500000278e+03 3.574227500000000000e+05 2.724947187500000000e+05
3.074618683499999861e+03 3.191307500000000000e+05 2.748874687500000000e+05
3.077744884499999898e+03 3.086342500000000000e+05 2.706263750000000000e+05
3.080871085500000390e+03 2.697484375000000000e+05 2.754565312500000000e+05
3.083997286500000428e+03 2.328549218750000000e+05 2.798738750000000000e+05
3.087123487500000465e+03 2.430513750000000000e+05 2.809771562500000000e+05
3.090249688500000047e+03 2.338533281250000000e+05 2.840521875000000000e+05
3.093375889500000085e+03 2.703997187500000000e+05 2.831203750000000000e+05
3.096502090500000122e+03 9.515742187500000000e+04 2.788881562500000000e+05
3.099628291500000159e+03 1.138583046875000000e+05 2.768520625000000000e+05
3.102754492499999742e+03 1.814418750000000000e+05 2.767615312500000000e+05
3.105880693500000234e+03 2.697408007812500000e+04 2.746716875000000000e+05
3.109006894500000271e+03 6.359298828125000000e+04 2.717599687500000000e+05
3.112133095500000309e+03 -1.272993359375000000e+05 2.734323437500000000e+05
3.115259296500000346e+03 -1.479819531250000000e+05 2.736413750000000000e+05
3.118385497500000383e+03 -2.340893750000000000e+05 2.746362500000000000e+05
3.121511698499999966e+03 -3.066126250000000000e+05 2.843864062500000000e+05
3.124637899500000003e+03 -2.417282187500000000e+05 2.833030312500000000e+05
3.127764100500000495e+03 -1.259922500000000000e+05 2.846837500000000000e+05
3.130890301500000533e+03 -2.783161562500000000e+05 2.870631562500000000e+05
3.134016502500000115e+03 -2.994825000000000000e+05 2.821165000000000000e+05
3.137142703500000152e+03 -1.399897656250000000e+05 2.801944375000000000e+05
3.140268904500000190e+03 -9.163500781250000000e+04 2.754538125000000000e+05
3.143395105500000227e+03 -2.279559375000000000e+05 2.754009375000000000e+05
3.146521306500000264e+03 -7.753319531250000000e+04 2.753815312500000000e+05
3.149647507500000756e+03 -1.817755078125000000e+04 2.752155937500000000e+05
3.152773708499999884e+03 -1.968935312500000000e+05 2.771262500000000000e+05
3.155899909500000376e+03 -1.686151562500000000e+05 2.761690000000000000e+05
3.159026110500000414e+03 -2.768073750000000000e+05 2.749692500000000000e+05
3.162152311499999996e+03 -4.110496875000000000e+05 2.736791875000000000e+05
3.165278512500000033e+03 -2.943209062500000000e+05 2.723340000000000000e+05
3.168404713500000071e+03 -2.917937187500000000e+05 2.758097500000000000e+05
3.171530914500000108e+03 -4.003999375000000000e+05 2.764699375000000000e+05
3.174657115500000145e+03 -4.583459375000000000e+05 2.766990312500000000e+05
3.177783316500000637e+03 -4.397949375000000000e+05 2.786850000000000000e+05
3.180909517500000220e+03 -3.056535000000000000e+05 2.787981875000000000e+05
3.184035718500000257e+03 -3.535982187500000000e+05 2.795585312500000000e+05
3.187161919500000295e+03 -1.172000859375000000e+05 2.840751250000000000e+05
3.190288120500000332e+03 5.604337890625000000e+04 2.827483750000000000e+05
3.193414321499999915e+03 -5.916079687500000000e+04 2.854631562500000000e+05
3.196540522499999952e+03 -1.825226562500000000e+04 2.849889687500000000e+05
3.199666723499999989e+03 -1.149447031250000000e+05 2.815353125000000000e+05
3.202792924500000481e+03 -1.538485156250000000e+05 2.812562812500000000e+05
3.205919125500000519e+03 3.940167187500000000e+04 2.832328437500000000e+05
3.209045326500000556e+03 2.466418125000000000e+05 2.853380625000000000e+05
3.212171527500000138e+03 2.974546875000000000e+05 2.817983125000000000e+05
3.215297728500000176e+03 4.305211562500000000e+05 2.801818125000000000e+05
3.218423929500000213e+03 4.059205312500000000e+05 2.776575937500000000e+05
3.221550130500000250e+03 3.229887500000000000e+05 2.732329375000000000e+05
3.224676331499999833e+03 5.308938125000000000e+05 2.741432500000000000e+05
3.227802532500000325e+03 3.945975937500000000e+05 2.814145937500000000e+05
3.230928733500000362e+03 4.303949375000000000e+05 2.784054687500000000e+05
3.234054934500000400e+03 6.520973125000000000e+05 2.782311250000000000e+05
3.237181135500000437e+03 5.498185000000000000e+05 2.794158125000000000e+05
3.240307336500000474e+03 4.095398125000000000e+05 2.767238125000000000e+05
3.243433537500000057e+03 5.894340000000000000e+05 2.750079375000000000e+05
3.246559738500000094e+03 4.151405000000000000e+05 2.756530312500000000e+05
3.249685939500000586e+03 3.996398437500000000e+05 2.757326875000000000e+05
3.252812140499999714e+03 5.491317500000000000e+05 2.736795000000000000e+05
3.255938341500000206e+03 3.483892500000000000e+05 2.745601250000000000e+05
3.259064542500000243e+03 4.067892500000000000e+05 2.730639687500000000e+05
3.262190743500000281e+03 5.119054375000000000e+05 2.660805312500000000e+05
3.265316944500000318e+03 3.584544062500000000e+05 2.691956875000000000e+05
3.268443145500000355e+03 5.588546250000000000e+05 2.719423437500000000e+05
3.271569346499999938e+03 5.658457500000000000e+05 2.715133125000000000e+05
3.274695547499999975e+03 5.745166250000000000e+05 2.720413125000000000e+05
3.277821748500000467e+03 4.529334375000000000e+05 2.719899375000000000e+05
3.280947949500000504e+03 5.809992500000000000e+05 2.787558125000000000e+05
3.284074150500000087e+03 4.937389375000000000e+05 2.808819375000000000e+05
3.287200351500000124e+03 5.764440000000000000e+05 2.790518750000000000e+05
3.290326552500000162e+03 6.865233125000000000e+05 2.762726562500000000e+05
3.293452753500000199e+03 7.232110625000000000e+05 2.764687187500000000e+05
3.296578954500000236e+03 6.550968125000000000e+05 2.771464687500000000e+05
3.299705155500000728e+03 5.749909375000000000e+05 2.742863437500000000e+05
3.302831356500000311e+03 4.901502812500000000e+05 2.752777187500000000e+05
3.305957557500000348e+03 4.677440312500000000e+05 2.715042812500000000e+05
3.309083758500000386e+03 5.375890625000000000e+05 2.712159062500000000e+05
3.312209959500000423e+03 5.811351250000000000e+05 2.721623750000000000e+05
3.315336160500000005e+03 6.589224375000000000e+05 2.706706250000000000e+05
3.318462361500000043e+03 6.134768750000000000e+05 2.671690000000000000e+05
3.321588562500000080e+03 6.128123125000000000e+05 2.632539687500000000e+05
3.324714763500000572e+03 4.132134062500000000e+05 2.641799375000000000e+05
3.327840964500000609e+03 3.230999687500000000e+05 2.624937187500000000e+05
3.330967165500000192e+03 1.917316718750000000e+05 2.646713437500000000e+05
3.334093366500000229e+03 8.608914843750000000e+04 2.605215937500000000e+05
3.337219567500000267e+03 -6.514997265625000000e+04 2.620219062500000000e+05
3.340345768500000304e+03 -1.882304218750000000e+05 2.654123437500000000e+05
3.343471969499999886e+03 -2.176440000000000000e+05 2.679731562500000000e+05
3.346598170499999924e+03 -2.862015625000000000e+05 2.709527187500000000e+05
3.349724371499999961e+03 -2.335233281250000000e+05 2.753295937500000000e+05
3.352850572500000453e+03 -1.574793906250000000e+05 2.739065312500000000e+05
3.355976773500000490e+03 -2.207912343750000000e+05 2.702844375000000000e+05
3.359102974500000528e+03 -4.524012890625000000e+04 2.673298125000000000e+05
3.362229175500000110e+03 -3.536414062500000000e+04 2.695915312500000000e+05
3.365355376500000148e+03 -4.965985937500000000e+04 2.662820000000000000e+05
3.368481577500000185e+03 2.072031250000000000e+04 2.650066875000000000e+05
3.371607778500000222e+03 -7.082953906250000000e+04 2.632341250000000000e+05
3.374733979499999805e+03 -1.016216796875000000e+05 2.607931250000000000e+05
3.377860180500000297e+03 1.059859765625000000e+05 2.567223125000000000e+05
3.380986381500000334e+03 -3.263767968750000000e+04 2.533522031250000000e+05
3.384112582500000372e+03 -2.464534375000000000e+04 2.560862343750000000e+05
3.387238783500000409e+03 -7.825673828125000000e+03 2.580809843750000000e+05
3.390364984500000446e+03 -3.789519921875000000e+04 2.629715625000000000e+05
3.393491185500000029e+03 -1.762390820312500000e+04 2.705948437500000000e+05
3.396617386500000066e+03 -1.306077265625000000e+05 2.666206875000000000e+05
3.399743587500000558e+03 -2.869575000000000000e+05 2.676950937500000000e+05
3.402869788500000141e+03 -2.660400000000000000e+05 2.666279375000000000e+05
3.405995989500000178e+03 -3.406008125000000000e+05 2.658972187500000000e+05
3.409122190500000215e+03 -2.023247656250000000e+05 2.625175937500000000e+05
3.412248391500000253e+03 -1.981091093750000000e+05 2.674264375000000000e+05
3.415374592500000290e+03 -2.374334687500000000e+05 2.699367500000000000e+05
3.418500793500000327e+03 -1.083259140625000000e+05 2.688892812500000000e+05
3.421626994499999910e+03 -6.968865625000000000e+04 2.708033437500000000e+05
3.424753195500000402e+03 -1.391587812500000000e+05 2.718183437500000000e+05
3.427879396500000439e+03 -1.669984375000000000e+04 2.696074062500000000e+05
3.431005597500000476e+03 -4.438694140625000000e+04 2.659096250000000000e+05
3.434131798500000059e+03 -1.685907656250000000e+05 2.619685156250000000e+05
3.437257999500000096e+03 -9.394980468750000000e+04 2.584223593750000000e+05
3.440384200500000134e+03 1.083913085937500000e+04 2.580362031250000000e+05
3.443510401500000171e+03 -5.764426562500000000e+04 2.581191562500000000e+05
3.446636602500000663e+03 -2.011836718750000000e+05 2.590527500000000000e+05
3.449762803500000700e+03 -1.320571250000000000e+05 2.595322812500000000e+05
3.452889004500000283e+03 -3.266156875000000000e+05 2.624225625000000000e+05
3.456015205500000320e+03 -1.299860234375000000e+05 2.648490937500000000e+05
3.459141406500000357e+03 -7.006292187500000000e+04 2.654738750000000000e+05
3.462267607500000395e+03 -5.072651562500000000e+04 2.623236875000000000e+05
3.465393808499999977e+03 -2.946266992187500000e+04 2.647340000000000000e+05
3.468520009500000015e+03 -1.773559062500000000e+05 2.595559218750000000e+05
3.471646210500000052e+03 -1.068044453125000000e+05 2.569564687500000000e+05
3.474772411500000544e+03 -1.010223828125000000e+05 2.568935625000000000e+05
3.477898612500000581e+03 -1.942106406250000000e+05 2.578051718750000000e+05
3.481024813500000164e+03 -1.432539062500000000e+05 2.539134062500000000e+05
3.484151014500000201e+03 -8.418773437500000000e+04 2.521947812500000000e+05
3.487277215500000239e+03 -1.433858125000000000e+05 2.521326406250000000e+05
3.490403416500000276e+03 -1.898611562500000000e+05 2.527572656250000000e+05
3.493529617499999858e+03 -1.639294375000000000e+05 2.575059375000000000e+05
3.496655818499999896e+03 -9.350397656250000000e+04 2.595226718750000000e+05
3.499782019500000388e+03 -1.899417968750000000e+05 2.552042500000000000e+05
3.502908220500000425e+03 -1.290275703125000000e+05 2.549950937500000000e+05
3.506034421500000462e+03 -1.342635781250000000e+05 2.546417656250000000e+05
3.509160622500000500e+03 -1.809644687500000000e+05 2.492958437500000000e+05
3.512286823500000082e+03 -1.912010156250000000e+05 2.459232968750000000e+05
3.515413024500000120e+03 -1.532161875000000000e+05 2.493674843750000000e+05
3.518539225500000157e+03 -1.163621953125000000e+05 2.500794843750000000e+05
3.521665426500000649e+03 -1.565378437500000000e+05 2.516850312500000000e+05
3.524791627499999777e+03 -2.308701718750000000e+05 2.533524843750000000e+05
3.527917828500000269e+03 -2.214593593750000000e+05 2.508448125000000000e+05
3.531044029500000306e+03 -1.600561875000000000e+05 2.511251718750000000e+05
3.534170230500000343e+03 -1.081620078125000000e+05 2.555895156250000000e+05
3.537296431500000381e+03 -1.640104531250000000e+05 2.591157031250000000e+05
3.540422632500000418e+03 -1.612817656250000000e+05 2.624841562500000000e+05
3.543548833500000001e+03 -9.206075000000000000e+04 2.669323437500000000e+05
3.546675034500000038e+03 -2.641026171875000000e+04 2.635850312500000000e+05
3.549801235500000530e+03 -9.375209375000000000e+04 2.617537500000000000e+05
3.552927436500000113e+03 -1.781838750000000000e+05 2.632829062500000000e+05
3.556053637500000150e+03 -1.810715625000000000e+05 2.641492500000000000e+05
3.559179838500000187e+03 -3.135130625000000000e+05 2.618602343750000000e+05
3.562306039500000225e+03 -2.739351562500000000e+05 2.632485937500000000e+05
3.565432240500000262e+03 -2.218738906250000000e+05 2.555015156250000000e+05
3.568558441500000299e+03 -2.826108750000000000e+05 2.534257343750000000e+05
3.571684642499999882e+03 -2.731523750000000000e+05 2.580668750000000000e+05
3.574810843500000374e+03 -2.153216875000000000e+05 2.555175781250000000e+05
3.577937044500000411e+03 -9.269349218750000000e+04 2.596597968750000000e+05
3.581063245500000448e+03 -6.186480078125000000e+04 2.608172343750000000e+05
3.584189446500000031e+03 -1.664966875000000000e+05 2.596113125000000000e+05
3.587315647500000068e+03 -1.939386718750000000e+05 2.601190937500000000e+05
3.590441848500000106e+03 -2.585633125000000000e+05 2.576902656250000000e+05
3.593568049500000143e+03 -4.429563750000000000e+05 2.521117812500000000e+05
3.596694250500000635e+03 -5.241482187500000000e+05 2.516103750000000000e+05
3.599820451500000672e+03 -4.583543125000000000e+05 2.513816875000000000e+05
3.602946652500000255e+03 -5.880022500000000000e+05 2.530526562500000000e+05
3.606072853500000292e+03 -4.366128437500000000e+05 2.510293125000000000e+05
3.609199054500000329e+03 -3.345442812500000000e+05 2.483999843750000000e+05
3.612325255500000367e+03 -3.230679687500000000e+05 2.504770625000000000e+05
3.615451456499999949e+03 -2.176049687500000000e+05 2.453620781250000000e+05
3.618577657499999987e+03 -2.866647500000000000e+05 2.476935312500000000e+05
3.621703858500000479e+03 -2.353700937500000000e+05 2.513873281250000000e+05
3.624830059500000516e+03 -1.500556562500000000e+05 2.530718125000000000e+05
3.627956260500000553e+03 -1.315942031250000000e+05 2.534262031250000000e+05
3.631082461500000591e+03 -2.158890039062500000e+04 2.569802656250000000e+05
3.634208662500000173e+03 2.517507031250000000e+04 2.533316250000000000e+05
3.637334863500000210e+03 9.622057617187500000e+03 2.565771562500000000e+05
3.640461064500000248e+03 1.043861250000000000e+05 2.543706875000000000e+05
3.643587265499999830e+03 7.763018750000000000e+04 2.545053281250000000e+05
3.646713466499999868e+03 2.045171679687500000e+04 2.557706250000000000e+05
3.649839667500000360e+03 1.487039218750000000e+05 2.555847968750000000e+05
3.652965868500000397e+03 4.936370312500000000e+04 2.593673750000000000e+05
3.656092069500000434e+03 1.177297578125000000e+05 2.629314687500000000e+05
3.659218270500000472e+03 1.699697968750000000e+05 2.625048125000000000e+05
3.662344471500000054e+03 7.372985937500000000e+04 2.626060000000000000e+05
3.665470672500000092e+03 1.414262812500000000e+05 2.673573125000000000e+05
3.668596873500000129e+03 1.729271406250000000e+05 2.624669375000000000e+05
3.671723074500000621e+03 3.878076562500000000e+04 2.567211250000000000e+05
3.674849275500000203e+03 -6.686928906250000000e+04 2.551431406250000000e+05
3.677975476500000241e+03 7.330975781250000000e+04 2.537852500000000000e+05
3.681101677500000278e+03 -6.190107421875000000e+04 2.523958281250000000e+05
3.684227878500000315e+03 -5.332610156250000000e+04 2.506612812500000000e+05
3.687354079500000353e+03 -2.964816210937500000e+04 2.499235156250000000e+05
3.690480280500000390e+03 -3.692909375000000000e+04 2.438699531250000000e+05
3.693606481499999973e+03 -8.754359375000000000e+03 2.414210000000000000e+05
3.696732682500000465e+03 9.015655468750000000e+04 2.422539687500000000e+05
3.699858883500000502e+03 -7.348181250000000000e+04 2.436111250000000000e+05
3.702985084500000539e+03 6.817360351562500000e+03 2.449952656250000000e+05
3.706111285500000122e+03 6.332230859375000000e+04 2.516409062500000000e+05
3.709237486500000159e+03 7.489789062500000000e+04 2.538856250000000000e+05
3.712363687500000196e+03 2.191405937500000000e+05 2.565598281250000000e+05
3.715489888500000234e+03 3.646442812500000000e+05 2.598712812500000000e+05
3.718616089500000726e+03 3.445624375000000000e+05 2.538178125000000000e+05
3.721742290499999854e+03 4.333722812500000000e+05 2.484585312500000000e+05
3.724868491500000346e+03 4.437268125000000000e+05 2.470579843750000000e+05
3.727994692500000383e+03 2.979360312500000000e+05 2.495063437500000000e+05
3.731120893500000420e+03 2.256319531250000000e+05 2.460150625000000000e+05
3.734247094500000003e+03 7.572437500000000000e+04 2.481229218750000000e+05
3.737373295500000040e+03 9.485346875000000000e+04 2.498173437500000000e+05
3.740499496500000078e+03 1.297972578125000000e+05 2.476930000000000000e+05
3.743625697500000115e+03 1.940935468750000000e+05 2.491734531250000000e+05
3.746751898500000607e+03 1.980625312500000000e+05 2.475048593750000000e+05
3.749878099500000644e+03 1.129414687500000000e+05 2.460343125000000000e+05
