# Radius [au]	Intensity [Jy/sr]	error_Intensity [Jy/sr]
4.649222000000000077e-01 3.921027072000000000e+10 0.000000000000000000e+00
1.394766600000000079e+00 3.864216780800000000e+10 2.802967040000000000e+08
2.324610999999999983e+00 3.772946022400000000e+10 2.976392320000000000e+08
3.254455399999999887e+00 3.639022387200000000e+10 7.733748480000000000e+08
4.184299799999999792e+00 3.449645875200000000e+10 7.372074880000000000e+08
5.114144200000000140e+00 3.243046502400000000e+10 1.016487104000000000e+09
6.043988599999999600e+00 3.046214451200000000e+10 1.159827968000000000e+09
6.973832999999999949e+00 2.755625369600000000e+10 1.409669504000000000e+09
7.903677400000000297e+00 2.516358348800000000e+10 1.584783872000000000e+09
8.833521799999999757e+00 2.346519552000000000e+10 1.601763456000000000e+09
9.763366200000000106e+00 2.081603584000000000e+10 1.538050304000000000e+09
1.069321060000000045e+01 1.835678924800000000e+10 1.667722624000000000e+09
1.162305500000000080e+01 1.667100160000000000e+10 1.576236160000000000e+09
1.255289939999999937e+01 1.502987366400000000e+10 1.438274688000000000e+09
1.348274379999999972e+01 1.296175923200000000e+10 1.424649344000000000e+09
1.441258820000000007e+01 1.229675212800000000e+10 1.339273472000000000e+09
1.534243260000000042e+01 1.110894284800000000e+10 1.118760832000000000e+09
1.627227699999999899e+01 1.053742387200000000e+10 1.091440768000000000e+09
1.720212139999999934e+01 9.957832704000000000e+09 8.856331520000000000e+08
1.813196579999999969e+01 9.943419904000000000e+09 7.775600640000000000e+08
1.906181020000000004e+01 9.684436992000000000e+09 6.392611200000000000e+08
1.999165460000000039e+01 9.618868224000000000e+09 5.197594560000000000e+08
2.092149900000000073e+01 9.708653568000000000e+09 4.053799360000000000e+08
2.185134339999999753e+01 9.899236352000000000e+09 3.457661440000000000e+08
2.278118780000000143e+01 1.002746163200000000e+10 2.727489600000000000e+08
2.371103219999999823e+01 1.014396825600000000e+10 2.203657600000000000e+08
2.464087660000000213e+01 1.025652838400000000e+10 1.926516320000000000e+08
2.557072099999999892e+01 1.030742220800000000e+10 1.614495840000000000e+08
2.650056540000000282e+01 1.036358041600000000e+10 1.345929600000000000e+08
2.743040979999999962e+01 1.032209305600000000e+10 1.234280640000000000e+08
2.836025420000000352e+01 1.024920883200000000e+10 1.079383920000000000e+08
2.929009859999999676e+01 1.018806374400000000e+10 9.207611200000000000e+07
3.021994300000000067e+01 1.003448217600000000e+10 8.239548000000000000e+07
3.114978739999999746e+01 9.871184896000000000e+09 7.560906400000000000e+07
3.207963180000000136e+01 9.665399808000000000e+09 6.412925200000000000e+07
3.300947619999999461e+01 9.433845760000000000e+09 5.763199600000000000e+07
3.393932060000000206e+01 9.159223296000000000e+09 5.400452400000000000e+07
3.486916499999999530e+01 8.875416576000000000e+09 4.588734000000000000e+07
3.579900940000000276e+01 8.565577728000000000e+09 4.610895600000000000e+07
3.672885379999999600e+01 8.275242496000000000e+09 4.277416800000000000e+07
3.765869820000000345e+01 7.942594048000000000e+09 4.119904400000000000e+07
3.858854259999999670e+01 7.616243200000000000e+09 4.165466400000000000e+07
3.951838700000000415e+01 7.305080320000000000e+09 4.121987600000000000e+07
4.044823139999999739e+01 6.981118464000000000e+09 4.057776000000000000e+07
4.137807580000000485e+01 6.668942848000000000e+09 4.585956800000000000e+07
4.230792020000000520e+01 6.397779968000000000e+09 5.130122400000000000e+07
4.323776459999999133e+01 6.131789824000000000e+09 5.510277200000000000e+07
4.416760899999999879e+01 5.882563584000000000e+09 6.096952000000000000e+07
4.509745339999999914e+01 5.673322496000000000e+09 6.571430800000000000e+07
4.602729780000000659e+01 5.501342720000000000e+09 6.948602400000000000e+07
4.695714219999999273e+01 5.345931264000000000e+09 6.995366400000000000e+07
4.788698660000000018e+01 5.245370880000000000e+09 6.947500000000000000e+07
4.881683100000000053e+01 5.182055936000000000e+09 6.546633200000000000e+07
4.974667540000000798e+01 5.124382720000000000e+09 6.315149600000000000e+07
5.067651979999999412e+01 5.110984704000000000e+09 5.462566000000000000e+07
5.160636420000000157e+01 5.151517696000000000e+09 4.767634000000000000e+07
5.253620860000000192e+01 5.181904896000000000e+09 4.026615200000000000e+07
5.346605300000000938e+01 5.234055680000000000e+09 3.171779400000000000e+07
5.439589739999999551e+01 5.303424000000000000e+09 2.847434200000000000e+07
5.532574179999999586e+01 5.366557184000000000e+09 2.552442800000000000e+07
5.625558620000000332e+01 5.437180928000000000e+09 2.609753200000000000e+07
5.718543060000000366e+01 5.481196544000000000e+09 2.760387800000000000e+07
5.811527499999999691e+01 5.526895616000000000e+09 2.860427000000000000e+07
5.904511939999999726e+01 5.577002496000000000e+09 3.126297600000000000e+07
5.997496380000000471e+01 5.576435712000000000e+09 3.338795200000000000e+07
6.090480820000000506e+01 5.573479936000000000e+09 3.491805600000000000e+07
6.183465259999999120e+01 5.558415872000000000e+09 3.471673200000000000e+07
6.276449699999999865e+01 5.510218240000000000e+09 3.813710000000000000e+07
6.369434140000000610e+01 5.452471296000000000e+09 3.919746800000000000e+07
6.462418580000000645e+01 5.388858368000000000e+09 3.637926000000000000e+07
6.555403019999999970e+01 5.281057792000000000e+09 4.010318000000000000e+07
6.648387459999999294e+01 5.176850432000000000e+09 4.055640000000000000e+07
6.741371900000000039e+01 5.072930816000000000e+09 3.646481200000000000e+07
6.834356340000000785e+01 4.931859456000000000e+09 3.959693200000000000e+07
6.927340779999998688e+01 4.797269504000000000e+09 3.787810400000000000e+07
7.020325219999999433e+01 4.665016320000000000e+09 3.340866800000000000e+07
7.113309660000000179e+01 4.490885632000000000e+09 3.346812400000000000e+07
7.206294100000000924e+01 4.346921472000000000e+09 3.254888600000000000e+07
7.299278539999998827e+01 4.203774208000000000e+09 2.817933600000000000e+07
7.392262979999999573e+01 4.027209984000000000e+09 2.859820600000000000e+07
7.485247420000000318e+01 3.878050304000000000e+09 2.795828800000000000e+07
7.578231860000001063e+01 3.733146624000000000e+09 2.545840200000000000e+07
7.671216299999998967e+01 3.566182400000000000e+09 2.558087000000000000e+07
7.764200739999999712e+01 3.415604736000000000e+09 2.531576800000000000e+07
7.857185180000000457e+01 3.281512704000000000e+09 2.356563400000000000e+07
7.950169620000001203e+01 3.134437120000000000e+09 2.454434000000000000e+07
8.043154059999999106e+01 2.997616384000000000e+09 2.471572800000000000e+07
8.136138499999999851e+01 2.891265792000000000e+09 2.410061800000000000e+07
8.229122940000000597e+01 2.756906752000000000e+09 2.494199200000000000e+07
8.322107380000001342e+01 2.650951680000000000e+09 2.587239000000000000e+07
8.415091819999999245e+01 2.561386240000000000e+09 2.513582000000000000e+07
8.508076259999999991e+01 2.459079168000000000e+09 2.532629600000000000e+07
8.601060700000000736e+01 2.366601984000000000e+09 2.546788800000000000e+07
8.694045140000000060e+01 2.294706432000000000e+09 2.439437800000000000e+07
8.787029579999999385e+01 2.213187328000000000e+09 2.299921200000000000e+07
8.880014020000000130e+01 2.143313664000000000e+09 2.304974800000000000e+07
8.972998460000000875e+01 2.081972864000000000e+09 2.151148000000000000e+07
9.065982900000000200e+01 2.025336960000000000e+09 2.001489600000000000e+07
9.158967339999999524e+01 1.971667072000000000e+09 1.929275200000000000e+07
9.251951780000000269e+01 1.920676736000000000e+09 1.931131600000000000e+07
9.344936219999999594e+01 1.872457344000000000e+09 1.854061200000000000e+07
9.437920660000000339e+01 1.826242048000000000e+09 1.812896800000000000e+07
9.530905099999999663e+01 1.775238272000000000e+09 1.889289800000000000e+07
9.623889540000000409e+01 1.727810176000000000e+09 1.819148800000000000e+07
9.716873979999999733e+01 1.677612416000000000e+09 1.854412400000000000e+07
9.809858420000000478e+01 1.632921344000000000e+09 1.941168400000000000e+07
9.902842859999999803e+01 1.582252672000000000e+09 1.801275000000000000e+07
9.995827300000000548e+01 1.531040128000000000e+09 1.792923600000000000e+07
1.008881173999999987e+02 1.483349504000000000e+09 1.830635200000000000e+07
1.018179618000000062e+02 1.432718464000000000e+09 1.693745000000000000e+07
1.027478061999999994e+02 1.378810752000000000e+09 1.643091400000000000e+07
1.036776505999999927e+02 1.332933888000000000e+09 1.630031900000000000e+07
1.046074950000000001e+02 1.280754432000000000e+09 1.469612000000000000e+07
1.055373394000000076e+02 1.230030720000000000e+09 1.440332700000000000e+07
1.064671838000000008e+02 1.194380800000000000e+09 1.395345400000000000e+07
1.073970281999999941e+02 1.146977664000000000e+09 1.265958600000000000e+07
1.083268726000000015e+02 1.108099328000000000e+09 1.248128500000000000e+07
1.092567170000000090e+02 1.075621760000000000e+09 1.210830900000000000e+07
1.101865613999999880e+02 1.037806144000000000e+09 1.212483600000000000e+07
1.111164057999999955e+02 1.009379136000000000e+09 1.219909900000000000e+07
1.120462502000000029e+02 9.794143360000000000e+08 1.197461700000000000e+07
1.129760946000000104e+02 9.512647040000000000e+08 1.240694100000000000e+07
1.139059389999999894e+02 9.259272960000000000e+08 1.258015900000000000e+07
1.148357833999999968e+02 9.055880960000000000e+08 1.183594300000000000e+07
1.157656278000000043e+02 8.844402560000000000e+08 1.211813400000000000e+07
1.166954722000000118e+02 8.662536320000000000e+08 1.242999700000000000e+07
1.176253165999999908e+02 8.468604160000000000e+08 1.190769000000000000e+07
1.185551609999999982e+02 8.340095360000000000e+08 1.233917000000000000e+07
1.194850054000000057e+02 8.176439040000000000e+08 1.304062500000000000e+07
1.204148498000000131e+02 8.048898560000000000e+08 1.334536000000000000e+07
1.213446941999999922e+02 7.928707200000000000e+08 1.321920700000000000e+07
1.222745385999999996e+02 7.831676160000000000e+08 1.371584200000000000e+07
1.232043830000000071e+02 7.650364800000000000e+08 1.361624400000000000e+07
1.241342274000000145e+02 7.592131200000000000e+08 1.325089900000000000e+07
1.250640717999999936e+02 7.510148480000000000e+08 1.335606400000000000e+07
1.259939162000000010e+02 7.412458880000000000e+08 1.313391300000000000e+07
1.269237606000000085e+02 7.400551680000000000e+08 1.259048300000000000e+07
1.278536050000000017e+02 7.376940160000000000e+08 1.267714000000000000e+07
1.287834493999999950e+02 7.411239040000000000e+08 1.277286900000000000e+07
1.297132938000000024e+02 7.438344320000000000e+08 1.243496800000000000e+07
1.306431382000000099e+02 7.539808640000000000e+08 1.284929600000000000e+07
1.315729826000000173e+02 7.624815360000000000e+08 1.331117600000000000e+07
1.325028269999999964e+02 7.750156160000000000e+08 1.359534100000000000e+07
1.334326714000000038e+02 7.947670400000000000e+08 1.388795500000000000e+07
1.343625158000000113e+02 8.157824000000000000e+08 1.473933900000000000e+07
1.352923602000000187e+02 8.306643840000000000e+08 1.516919800000000000e+07
1.362222045999999978e+02 8.568258560000000000e+08 1.589897400000000000e+07
1.371520490000000052e+02 8.756200320000000000e+08 1.677097200000000000e+07
1.380818934000000127e+02 9.027822720000000000e+08 1.732629600000000000e+07
1.390117378000000201e+02 9.302268160000000000e+08 1.781082200000000000e+07
1.399415821999999991e+02 9.560019840000000000e+08 1.811608200000000000e+07
1.408714266000000066e+02 9.846828800000000000e+08 1.839280200000000000e+07
1.418012710000000141e+02 1.014128704000000000e+09 1.829351600000000000e+07
1.427311154000000215e+02 1.040230784000000000e+09 1.818126800000000000e+07
1.436609598000000005e+02 1.065378880000000000e+09 1.799878000000000000e+07
1.445908042000000080e+02 1.092856192000000000e+09 1.765634600000000000e+07
1.455206486000000154e+02 1.113724928000000000e+09 1.701832200000000000e+07
1.464504929999999945e+02 1.136784128000000000e+09 1.650043200000000000e+07
1.473803374000000019e+02 1.158950656000000000e+09 1.584074500000000000e+07
1.483101818000000094e+02 1.174373376000000000e+09 1.518645100000000000e+07
1.492400262000000168e+02 1.195354112000000000e+09 1.509988600000000000e+07
1.501698705999999959e+02 1.203803648000000000e+09 1.397775800000000000e+07
1.510997150000000033e+02 1.217131648000000000e+09 1.399592200000000000e+07
1.520295594000000108e+02 1.223558400000000000e+09 1.379654900000000000e+07
1.529594037999999898e+02 1.226713984000000000e+09 1.298573800000000000e+07
1.538892481999999973e+02 1.225370368000000000e+09 1.318508600000000000e+07
1.548190926000000047e+02 1.225407360000000000e+09 1.315758600000000000e+07
1.557489370000000122e+02 1.216148096000000000e+09 1.266651100000000000e+07
1.566787813999999912e+02 1.209850496000000000e+09 1.278691700000000000e+07
1.576086257999999987e+02 1.201440768000000000e+09 1.252814600000000000e+07
1.585384702000000061e+02 1.188922112000000000e+09 1.235512700000000000e+07
1.594683145999999851e+02 1.176530560000000000e+09 1.233952700000000000e+07
1.603981589999999926e+02 1.169847936000000000e+09 1.200655100000000000e+07
1.613280034000000001e+02 1.149479168000000000e+09 1.207594700000000000e+07
1.622578477999999791e+02 1.135411328000000000e+09 1.212354200000000000e+07
1.631876922000000150e+02 1.126890240000000000e+09 1.168033100000000000e+07
1.641175365999999940e+02 1.102297472000000000e+09 1.191627000000000000e+07
1.650473810000000299e+02 1.087988608000000000e+09 1.182135200000000000e+07
1.659772253999999805e+02 1.072436608000000000e+09 1.154556000000000000e+07
1.669070698000000448e+02 1.049429376000000000e+09 1.186349000000000000e+07
1.678369141999999954e+02 1.032363584000000000e+09 1.164509300000000000e+07
1.687667585999999744e+02 1.016188544000000000e+09 1.175749900000000000e+07
1.696966030000000103e+02 9.907248640000000000e+08 1.219251500000000000e+07
1.706264473999999893e+02 9.741822720000000000e+08 1.249046000000000000e+07
1.715562918000000252e+02 9.547946240000000000e+08 1.244056900000000000e+07
1.724861361999999758e+02 9.298026880000000000e+08 1.280999100000000000e+07
1.734159806000000401e+02 9.105481600000000000e+08 1.265024400000000000e+07
1.743458249999999907e+02 8.912047360000000000e+08 1.282173500000000000e+07
1.752756693999999698e+02 8.628247680000000000e+08 1.281027800000000000e+07
1.762055138000000056e+02 8.408389760000000000e+08 1.244636900000000000e+07
1.771353581999999847e+02 8.201354240000000000e+08 1.211144200000000000e+07
1.780652026000000205e+02 7.882859520000000000e+08 1.214603800000000000e+07
1.789950469999999996e+02 7.672336000000000000e+08 1.178761200000000000e+07
1.799248914000000354e+02 7.471647360000000000e+08 1.170648800000000000e+07
1.808547357999999861e+02 7.178291840000000000e+08 1.154975700000000000e+07
1.817845802000000219e+02 6.981788160000000000e+08 1.120401500000000000e+07
1.827144246000000010e+02 6.811789440000000000e+08 1.094773800000000000e+07
1.836442689999999800e+02 6.556781440000000000e+08 1.093332500000000000e+07
1.845741134000000159e+02 6.413372160000000000e+08 1.057566200000000000e+07
1.855039577999999949e+02 6.288171520000000000e+08 1.039505200000000000e+07
1.864338022000000308e+02 6.078535680000000000e+08 1.051514800000000000e+07
1.873636465999999814e+02 5.917093760000000000e+08 1.050762900000000000e+07
1.882934910000000173e+02 5.838726400000000000e+08 1.025446200000000000e+07
1.892233353999999963e+02 5.603601920000000000e+08 1.058465800000000000e+07
1.901531797999999753e+02 5.466289280000000000e+08 1.048102600000000000e+07
1.910830242000000112e+02 5.352978880000000000e+08 9.827342000000000000e+06
1.920128685999999902e+02 5.106594560000000000e+08 1.035389900000000000e+07
1.929427130000000261e+02 4.972518720000000000e+08 1.035316300000000000e+07
1.938725573999999767e+02 4.907832320000000000e+08 9.558564000000000000e+06
1.948024018000000126e+02 4.638694720000000000e+08 1.029839400000000000e+07
1.957322461999999916e+02 4.508691840000000000e+08 1.023073700000000000e+07
1.966620906000000275e+02 4.425943360000000000e+08 9.391243000000000000e+06
1.975919350000000065e+02 4.199273280000000000e+08 1.005811000000000000e+07
1.985217793999999856e+02 4.074808640000000000e+08 9.961891000000000000e+06
1.994516238000000214e+02 4.002466240000000000e+08 9.259506000000000000e+06
2.003814681999999721e+02 3.816626240000000000e+08 9.906834000000000000e+06
2.013113126000000079e+02 3.680935040000000000e+08 9.977363000000000000e+06
2.022411569999999870e+02 3.622375680000000000e+08 9.144028000000000000e+06
2.031710014000000228e+02 3.442192640000000000e+08 9.833393000000000000e+06
2.041008458000000019e+02 3.333488000000000000e+08 9.759840000000000000e+06
2.050306901999999809e+02 3.244553600000000000e+08 9.135816000000000000e+06
2.059605346000000168e+02 3.105203200000000000e+08 9.480249000000000000e+06
2.068903789999999674e+02 2.963575680000000000e+08 9.228022000000000000e+06
2.078202234000000033e+02 2.911438720000000000e+08 8.757705000000000000e+06
2.087500677999999823e+02 2.739997440000000000e+08 9.004412000000000000e+06
2.096799122000000182e+02 2.626632640000000000e+08 8.672136000000000000e+06
2.106097565999999972e+02 2.528796000000000000e+08 8.564065000000000000e+06
2.115396010000000331e+02 2.385186560000000000e+08 8.577980000000000000e+06
2.124694454000000121e+02 2.295607360000000000e+08 8.421434000000000000e+06
2.133992897999999627e+02 2.208640480000000000e+08 8.687482000000000000e+06
2.143291341999999986e+02 2.115153760000000000e+08 8.507275000000000000e+06
2.152589785999999776e+02 2.033656160000000000e+08 8.711674000000000000e+06
2.161888230000000135e+02 1.938669600000000000e+08 8.725414000000000000e+06
2.171186673999999925e+02 1.855608640000000000e+08 8.966376000000000000e+06
2.180485118000000284e+02 1.767905600000000000e+08 8.997020000000000000e+06
2.189783562000000074e+02 1.635542240000000000e+08 9.218232000000000000e+06
2.199082005999999581e+02 1.565033920000000000e+08 9.021980000000000000e+06
2.208380449999999939e+02 1.458931360000000000e+08 9.035756000000000000e+06
2.217678893999999730e+02 1.358302080000000000e+08 9.201307000000000000e+06
2.226977338000000088e+02 1.279592080000000000e+08 9.172136000000000000e+06
2.236275781999999879e+02 1.206134160000000000e+08 9.107361000000000000e+06
2.245574226000000237e+02 1.111318720000000000e+08 8.972348000000000000e+06
2.254872670000000028e+02 1.076470560000000000e+08 8.796693000000000000e+06
2.264171114000000387e+02 1.011416560000000000e+08 8.485972000000000000e+06
2.273469558000000177e+02 9.486088000000000000e+07 8.375282000000000000e+06
2.282768001999999683e+02 9.158482400000000000e+07 8.100782500000000000e+06
2.292066446000000042e+02 8.431104800000000000e+07 7.973077500000000000e+06
2.301364889999999832e+02 7.856100000000000000e+07 7.849706500000000000e+06
2.310663334000000191e+02 7.392594400000000000e+07 7.769421500000000000e+06
2.319961777999999981e+02 6.912161600000000000e+07 7.889177000000000000e+06
2.329260222000000340e+02 6.428658800000000000e+07 8.017300500000000000e+06
2.338558666000000130e+02 6.193639600000000000e+07 8.122681000000000000e+06
2.347857109999999636e+02 5.727864000000000000e+07 8.316656500000000000e+06
2.357155553999999995e+02 5.735272400000000000e+07 8.401851000000000000e+06
2.366453997999999785e+02 5.591954000000000000e+07 8.749407000000000000e+06
2.375752442000000144e+02 5.165945200000000000e+07 8.483469000000000000e+06
2.385050885999999934e+02 5.060902800000000000e+07 8.256717000000000000e+06
2.394349330000000293e+02 4.656394400000000000e+07 8.370112000000000000e+06
2.403647774000000084e+02 4.339687600000000000e+07 8.083834000000000000e+06
2.412946218000000442e+02 4.201498000000000000e+07 8.262214500000000000e+06
2.422244661999999948e+02 3.588585600000000000e+07 8.174006500000000000e+06
2.431543105999999739e+02 3.589585600000000000e+07 8.030334000000000000e+06
2.440841550000000097e+02 3.177957000000000000e+07 8.148453000000000000e+06
2.450139993999999888e+02 2.730025400000000000e+07 7.953485000000000000e+06
2.459438438000000247e+02 2.673248400000000000e+07 7.873652000000000000e+06
2.468736882000000037e+02 2.337290000000000000e+07 7.875053500000000000e+06
2.478035326000000396e+02 2.063905800000000000e+07 7.671208500000000000e+06
2.487333769999999902e+02 2.024468800000000000e+07 7.834058000000000000e+06
2.496632213999999692e+02 2.154103400000000000e+07 7.869623500000000000e+06
2.505930658000000051e+02 1.898511400000000000e+07 7.846859500000000000e+06
2.515229101999999841e+02 2.024594600000000000e+07 7.934954500000000000e+06
2.524527546000000200e+02 2.137397600000000000e+07 7.953127500000000000e+06
2.533825989999999990e+02 2.257270400000000000e+07 7.911606500000000000e+06
2.543124434000000349e+02 2.314742400000000000e+07 7.940199500000000000e+06
2.552422877999999855e+02 2.178184600000000000e+07 8.160485500000000000e+06
2.561721322000000214e+02 2.148644600000000000e+07 8.069627000000000000e+06
2.571019766000000004e+02 2.282954000000000000e+07 8.300446500000000000e+06
2.580318209999999794e+02 2.257167600000000000e+07 8.222112000000000000e+06
2.589616654000000153e+02 2.457711200000000000e+07 7.998540000000000000e+06
2.598915097999999944e+02 2.461157000000000000e+07 7.889147500000000000e+06
2.608213542000000302e+02 2.416328000000000000e+07 7.736239000000000000e+06
2.617511986000000093e+02 2.480358000000000000e+07 7.440219000000000000e+06
2.626810430000000451e+02 2.363734000000000000e+07 7.144386500000000000e+06
2.636108874000000242e+02 2.074854000000000000e+07 7.099006000000000000e+06
2.645407317999999464e+02 1.781935600000000000e+07 6.960898500000000000e+06
2.654705761999999822e+02 1.545355900000000000e+07 7.043109500000000000e+06
2.664004205999999613e+02 9.026089000000000000e+06 7.208676000000000000e+06
2.673302649999999971e+02 6.510861500000000000e+06 7.554880500000000000e+06
2.682601093999999762e+02 2.447314500000000000e+06 7.604230000000000000e+06
2.691899538000000121e+02 -7.627900625000000000e+05 7.677926500000000000e+06
2.701197981999999911e+02 -4.167198000000000000e+06 7.901714000000000000e+06
2.710496426000000270e+02 -4.416336500000000000e+06 7.991090000000000000e+06
2.719794870000000060e+02 -6.757122500000000000e+06 7.891074000000000000e+06
2.729093313999999850e+02 -7.296798000000000000e+06 8.156183000000000000e+06
2.738391758000000209e+02 -6.869263500000000000e+06 8.148096500000000000e+06
2.747690201999999999e+02 -6.557188500000000000e+06 8.151635000000000000e+06
2.756988646000000358e+02 -2.649640250000000000e+06 8.332307500000000000e+06
2.766287090000000148e+02 -5.304288750000000000e+05 8.206162000000000000e+06
2.775585534000000507e+02 1.829104875000000000e+06 8.396849000000000000e+06
2.784883977999999729e+02 4.028050750000000000e+06 8.325923500000000000e+06
2.794182421999999519e+02 8.647935000000000000e+06 8.179852000000000000e+06
2.803480865999999878e+02 9.376241000000000000e+06 8.183220500000000000e+06
2.812779309999999668e+02 1.371883800000000000e+07 8.049404500000000000e+06
2.822077754000000027e+02 1.350547300000000000e+07 7.777699500000000000e+06
2.831376197999999818e+02 1.808591800000000000e+07 7.470889500000000000e+06
2.840674642000000176e+02 1.997627800000000000e+07 7.533967000000000000e+06
2.849973085999999967e+02 2.176384000000000000e+07 7.289020000000000000e+06
2.859271530000000325e+02 2.419532600000000000e+07 7.178472000000000000e+06
2.868569974000000116e+02 2.713238800000000000e+07 7.383950000000000000e+06
2.877868417999999906e+02 2.737951400000000000e+07 7.290527500000000000e+06
2.887166862000000265e+02 2.969009200000000000e+07 7.091873500000000000e+06
2.896465306000000055e+02 3.051249800000000000e+07 7.379939000000000000e+06
2.905763750000000414e+02 3.072169600000000000e+07 7.247986500000000000e+06
2.915062193999999636e+02 2.925574600000000000e+07 7.135058000000000000e+06
2.924360638000000563e+02 3.262615400000000000e+07 7.126130000000000000e+06
2.933659081999999785e+02 2.750972600000000000e+07 7.162662500000000000e+06
2.942957525999999575e+02 2.617545000000000000e+07 7.138466000000000000e+06
2.952255969999999934e+02 2.473954400000000000e+07 7.071511500000000000e+06
2.961554413999999724e+02 1.986883800000000000e+07 7.102775500000000000e+06
2.970852858000000083e+02 1.651620500000000000e+07 7.195588500000000000e+06
2.980151301999999873e+02 1.570951400000000000e+07 6.942669500000000000e+06
2.989449746000000232e+02 1.028798100000000000e+07 6.958994000000000000e+06
2.998748190000000022e+02 9.051206000000000000e+06 7.054226000000000000e+06
3.008046634000000381e+02 8.471725000000000000e+06 6.799582000000000000e+06
3.017345078000000171e+02 3.821362000000000000e+06 6.904252000000000000e+06
3.026643521999999962e+02 4.850237500000000000e+06 6.805980000000000000e+06
3.035941966000000320e+02 4.155350000000000000e+06 6.662229000000000000e+06
3.045240409999999542e+02 2.425133500000000000e+06 6.735076000000000000e+06
3.054538854000000470e+02 1.029593125000000000e+06 6.541591000000000000e+06
3.063837297999999691e+02 2.210670250000000000e+06 6.500055500000000000e+06
3.073135742000000050e+02 2.097117125000000000e+06 6.620091000000000000e+06
3.082434185999999841e+02 -1.310282578125000000e+05 6.531562000000000000e+06
3.091732629999999631e+02 6.200505000000000000e+05 6.410526500000000000e+06
3.101031073999999990e+02 3.934500625000000000e+05 6.663677000000000000e+06
3.110329517999999780e+02 -7.268797500000000000e+05 6.521725000000000000e+06
3.119627962000000139e+02 -3.839347500000000000e+05 6.338093000000000000e+06
3.128926405999999929e+02 1.065235250000000000e+06 6.572609500000000000e+06
3.138224850000000288e+02 3.757593750000000000e+05 6.617568000000000000e+06
3.147523294000000078e+02 2.004721125000000000e+06 6.236418000000000000e+06
3.156821738000000437e+02 5.782550500000000000e+06 6.622526500000000000e+06
3.166120182000000227e+02 5.549166000000000000e+06 6.422018000000000000e+06
3.175418625999999449e+02 7.199804500000000000e+06 6.128366500000000000e+06
3.184717070000000376e+02 1.024255300000000000e+07 6.378626000000000000e+06
3.194015513999999598e+02 9.464204000000000000e+06 6.263549000000000000e+06
3.203313957999999957e+02 7.388302000000000000e+06 6.146066500000000000e+06
3.212612401999999747e+02 9.730783000000000000e+06 6.414169000000000000e+06
3.221910845999999538e+02 7.733777500000000000e+06 6.346993500000000000e+06
3.231209289999999896e+02 4.599458500000000000e+06 6.446888500000000000e+06
3.240507734000000255e+02 7.233543500000000000e+06 6.374797500000000000e+06
3.249806178000000045e+02 6.219099500000000000e+06 6.267476500000000000e+06
3.259104621999999836e+02 4.670354500000000000e+06 6.204126000000000000e+06
3.268403066000000194e+02 8.485072000000000000e+06 6.140170500000000000e+06
3.277701509999999985e+02 8.184053000000000000e+06 6.168020000000000000e+06
3.286999954000000344e+02 6.430047500000000000e+06 6.267107500000000000e+06
3.296298398000000134e+02 7.520554500000000000e+06 6.249705500000000000e+06
3.305596841999999924e+02 8.750044000000000000e+06 6.261748500000000000e+06
3.314895286000000283e+02 7.328292500000000000e+06 6.283442000000000000e+06
3.324193730000000642e+02 7.133749500000000000e+06 6.201337000000000000e+06
3.333492173999999864e+02 6.125632500000000000e+06 6.193703000000000000e+06
3.342790617999999654e+02 4.162250750000000000e+06 6.177709500000000000e+06
3.352089062000000013e+02 5.303227000000000000e+06 6.064237000000000000e+06
3.361387505999999803e+02 4.074097500000000000e+06 6.012974000000000000e+06
3.370685950000000162e+02 2.524965000000000000e+06 5.875365500000000000e+06
3.379984393999999952e+02 3.146307750000000000e+06 5.813309000000000000e+06
3.389282837999999742e+02 2.344048000000000000e+06 5.782308500000000000e+06
3.398581282000000101e+02 2.186056000000000000e+06 5.756478500000000000e+06
3.407879726000000460e+02 1.230868875000000000e+06 5.661748500000000000e+06
3.417178170000000250e+02 8.226735625000000000e+05 5.733167000000000000e+06
3.426476614000000041e+02 2.592182250000000000e+06 5.838486500000000000e+06
3.435775057999999831e+02 9.923705468750000000e+04 5.688068000000000000e+06
3.445073502000000190e+02 1.188524625000000000e+06 5.797378000000000000e+06
3.454371946000000548e+02 1.169740375000000000e+06 5.792380500000000000e+06
3.463670389999999770e+02 3.605920937500000000e+05 5.756496500000000000e+06
3.472968833999999561e+02 9.881248437500000000e+04 5.798307500000000000e+06
3.482267277999999919e+02 1.829041500000000000e+06 5.826907500000000000e+06
3.491565721999999710e+02 9.562408750000000000e+05 5.756751500000000000e+06
3.500864166000000068e+02 1.576657375000000000e+06 5.887405000000000000e+06
3.510162609999999859e+02 4.012628000000000000e+06 5.828956500000000000e+06
3.519461053999999649e+02 3.849778250000000000e+06 5.775229500000000000e+06
3.528759498000000008e+02 5.721815000000000000e+06 5.750061500000000000e+06
3.538057942000000367e+02 6.293207500000000000e+06 5.657744500000000000e+06
3.547356386000000157e+02 9.331456000000000000e+06 5.638228000000000000e+06
3.556654829999999947e+02 8.819392000000000000e+06 5.787409500000000000e+06
3.565953274000000306e+02 1.191287900000000000e+07 5.788259000000000000e+06
3.575251718000000096e+02 1.371703600000000000e+07 5.847177500000000000e+06
3.584550162000000455e+02 1.291657300000000000e+07 5.948232000000000000e+06
3.593848605999999677e+02 1.321524000000000000e+07 6.051627000000000000e+06
3.603147049999999467e+02 1.301698400000000000e+07 6.117710500000000000e+06
3.612445493999999826e+02 9.973840000000000000e+06 6.216183000000000000e+06
3.621743938000000185e+02 1.147902100000000000e+07 6.319008500000000000e+06
3.631042381999999975e+02 8.867855000000000000e+06 6.403423500000000000e+06
3.640340825999999765e+02 1.002126800000000000e+07 6.275541500000000000e+06
3.649639270000000124e+02 1.218959000000000000e+07 6.320104000000000000e+06
3.658937713999999914e+02 1.221645100000000000e+07 6.256083500000000000e+06
3.668236158000000273e+02 1.376885400000000000e+07 6.135127500000000000e+06
3.677534602000000064e+02 1.497557900000000000e+07 6.224079000000000000e+06
3.686833045999999854e+02 1.444500100000000000e+07 6.035346500000000000e+06
3.696131490000000213e+02 1.650216200000000000e+07 6.101442000000000000e+06
3.705429934000000571e+02 1.729635600000000000e+07 6.213522500000000000e+06
3.714728378000000362e+02 1.385971000000000000e+07 6.064691500000000000e+06
3.724026821999999584e+02 1.720796200000000000e+07 6.288722000000000000e+06
3.733325265999999374e+02 1.616053700000000000e+07 6.273164500000000000e+06
3.742623709999999733e+02 1.442894500000000000e+07 6.109892000000000000e+06
3.751922154000000091e+02 1.457420700000000000e+07 6.164571500000000000e+06
3.761220597999999882e+02 1.305641600000000000e+07 6.162700500000000000e+06
3.770519041999999672e+02 8.518411000000000000e+06 6.066990000000000000e+06
3.779817486000000031e+02 1.143050900000000000e+07 6.143243000000000000e+06
3.789115929999999821e+02 8.900505000000000000e+06 6.150628000000000000e+06
3.798414374000000180e+02 8.557391000000000000e+06 6.152476500000000000e+06
3.807712817999999970e+02 1.020518400000000000e+07 6.111787000000000000e+06
3.817011261999999761e+02 1.142055400000000000e+07 6.034494500000000000e+06
3.826309706000000119e+02 1.068689200000000000e+07 6.047057500000000000e+06
3.835608150000000478e+02 1.131617300000000000e+07 5.937063000000000000e+06
3.844906594000000268e+02 1.147702400000000000e+07 5.901767500000000000e+06
3.854205038000000059e+02 1.098248800000000000e+07 6.036627500000000000e+06
3.863503482000000417e+02 1.004287600000000000e+07 5.961654000000000000e+06
3.872801925999999639e+02 9.567833000000000000e+06 5.994730500000000000e+06
3.882100369999999998e+02 8.736767000000000000e+06 5.974509500000000000e+06
3.891398813999999788e+02 7.311934500000000000e+06 5.915232500000000000e+06
3.900697257999999579e+02 9.699883000000000000e+06 5.987205000000000000e+06
3.909995701999999937e+02 7.498074000000000000e+06 5.980337000000000000e+06
3.919294146000000296e+02 9.132758000000000000e+06 5.908116000000000000e+06
3.928592590000000087e+02 9.303447000000000000e+06 5.928875500000000000e+06
3.937891033999999877e+02 7.804600500000000000e+06 5.777442500000000000e+06
3.947189478000000236e+02 9.257320000000000000e+06 5.706382000000000000e+06
3.956487922000000026e+02 7.904468500000000000e+06 5.566514000000000000e+06
3.965786366000000385e+02 6.033114000000000000e+06 5.609386500000000000e+06
3.975084810000000175e+02 5.270286500000000000e+06 5.566452500000000000e+06
3.984383253999999965e+02 2.708592250000000000e+06 5.531116500000000000e+06
3.993681698000000324e+02 2.463544750000000000e+06 5.678891500000000000e+06
4.002980142000000683e+02 3.245025750000000000e+06 5.617065000000000000e+06
4.012278585999999905e+02 1.125990625000000000e+06 5.575753500000000000e+06
4.021577029999999695e+02 4.861122000000000000e+06 5.540877000000000000e+06
4.030875473999999485e+02 6.242445000000000000e+06 5.620950500000000000e+06
4.040173917999999844e+02 7.934105000000000000e+06 5.622256000000000000e+06
4.049472362000000203e+02 1.188706500000000000e+07 5.620874000000000000e+06
4.058770805999999993e+02 1.003814600000000000e+07 5.731538000000000000e+06
4.068069249999999784e+02 1.167913000000000000e+07 5.511037000000000000e+06
4.077367694000000142e+02 1.194004600000000000e+07 5.615771000000000000e+06
4.086666137999999933e+02 1.206455300000000000e+07 5.473871000000000000e+06
4.095964582000000291e+02 1.156331100000000000e+07 5.384085000000000000e+06
4.105263026000000082e+02 1.354435000000000000e+07 5.296920500000000000e+06
4.114561469999999872e+02 1.185172200000000000e+07 5.315029000000000000e+06
4.123859914000000231e+02 1.249229400000000000e+07 5.153688000000000000e+06
4.133158358000000590e+02 1.265046400000000000e+07 5.296572000000000000e+06
4.142456801999999811e+02 1.352634100000000000e+07 5.237660500000000000e+06
4.151755245999999602e+02 9.142602000000000000e+06 5.421909500000000000e+06
4.161053689999999960e+02 1.043868100000000000e+07 5.625625500000000000e+06
4.170352133999999751e+02 7.378372500000000000e+06 5.825264500000000000e+06
4.179650578000000110e+02 5.747674000000000000e+06 5.836401000000000000e+06
4.188949021999999900e+02 4.180572750000000000e+06 6.042816500000000000e+06
4.198247465999999690e+02 3.721673750000000000e+06 5.929011000000000000e+06
4.207545910000000049e+02 2.205177750000000000e+06 5.795849000000000000e+06
4.216844354000000408e+02 2.353842500000000000e+06 5.852000500000000000e+06
4.226142798000000198e+02 4.220319000000000000e+06 5.613872500000000000e+06
4.235441241999999988e+02 4.432294000000000000e+06 5.670504500000000000e+06
4.244739686000000347e+02 7.170676500000000000e+06 5.684430000000000000e+06
4.254038130000000137e+02 6.407264500000000000e+06 5.604998500000000000e+06
4.263336574000000496e+02 8.015792000000000000e+06 5.698703500000000000e+06
4.272635018000000287e+02 7.527573000000000000e+06 5.764260000000000000e+06
4.281933461999999508e+02 1.081507200000000000e+07 5.801681000000000000e+06
4.291231905999999867e+02 1.320864000000000000e+07 5.915544000000000000e+06
4.300530350000000226e+02 1.321358900000000000e+07 5.853718000000000000e+06
4.309828794000000016e+02 1.681263600000000000e+07 5.880933500000000000e+06
4.319127237999999807e+02 1.891034000000000000e+07 5.868511000000000000e+06
4.328425681999999597e+02 1.713785800000000000e+07 5.774358000000000000e+06
4.337724125999999956e+02 2.098614600000000000e+07 5.840153500000000000e+06
4.347022570000000314e+02 2.028713400000000000e+07 5.866738500000000000e+06
4.356321014000000105e+02 1.637085400000000000e+07 5.716013000000000000e+06
4.365619457999999895e+02 2.084282600000000000e+07 5.890024000000000000e+06
4.374917902000000254e+02 1.800310600000000000e+07 5.941686500000000000e+06
4.384216346000000044e+02 1.523594200000000000e+07 5.961586500000000000e+06
4.393514790000000403e+02 1.908641800000000000e+07 6.162920500000000000e+06
4.402813234000000193e+02 1.706882400000000000e+07 6.144490500000000000e+06
4.412111677999999415e+02 1.483371600000000000e+07 6.071365500000000000e+06
4.421410121999999774e+02 1.627336100000000000e+07 6.219071500000000000e+06
4.430708566000000133e+02 1.542103900000000000e+07 6.286030500000000000e+06
4.440007009999999923e+02 1.490431200000000000e+07 6.011423500000000000e+06
4.449305453999999713e+02 1.513466600000000000e+07 6.087628000000000000e+06
4.458603898000000072e+02 1.517642900000000000e+07 5.968238500000000000e+06
4.467902341999999862e+02 1.275402100000000000e+07 5.734018500000000000e+06
4.477200786000000221e+02 1.352966400000000000e+07 5.803745000000000000e+06
4.486499230000000011e+02 1.245089200000000000e+07 5.739527000000000000e+06
4.495797673999999802e+02 9.550071000000000000e+06 5.579046000000000000e+06
4.505096118000000160e+02 1.021755400000000000e+07 5.708145000000000000e+06
4.514394562000000519e+02 8.538132000000000000e+06 5.783048000000000000e+06
4.523693006000000310e+02 7.329954500000000000e+06 5.637223000000000000e+06
4.532991450000000100e+02 9.097514000000000000e+06 5.656447000000000000e+06
4.542289894000000459e+02 8.094826000000000000e+06 5.570532000000000000e+06
4.551588337999999681e+02 7.723034500000000000e+06 5.485789000000000000e+06
4.560886782000000039e+02 8.999452000000000000e+06 5.469768500000000000e+06
4.570185225999999830e+02 6.155165500000000000e+06 5.448937000000000000e+06
4.579483669999999620e+02 7.735833500000000000e+06 5.512674500000000000e+06
4.588782113999999979e+02 7.338230500000000000e+06 5.578348000000000000e+06
4.598080558000000337e+02 6.466516500000000000e+06 5.680513500000000000e+06
4.607379002000000128e+02 1.007611800000000000e+07 5.784590000000000000e+06
4.616677445999999918e+02 9.555186000000000000e+06 5.844375500000000000e+06
4.625975889999999708e+02 1.185823400000000000e+07 5.957720500000000000e+06
4.635274334000000067e+02 1.318914900000000000e+07 5.983817000000000000e+06
4.644572778000000426e+02 1.376507700000000000e+07 5.900266000000000000e+06
4.653871222000000216e+02 1.358619200000000000e+07 5.953611500000000000e+06
4.663169666000000007e+02 1.480230000000000000e+07 5.961759000000000000e+06
4.672468110000000365e+02 1.381893300000000000e+07 6.012026000000000000e+06
4.681766553999999587e+02 1.509110800000000000e+07 6.126956000000000000e+06
4.691064997999999946e+02 1.601953300000000000e+07 6.275606000000000000e+06
4.700363441999999736e+02 1.456463100000000000e+07 6.183486500000000000e+06
4.709661885999999527e+02 1.687540600000000000e+07 6.223928000000000000e+06
4.718960329999999885e+02 1.805390200000000000e+07 6.085641000000000000e+06
4.728258774000000244e+02 1.646738600000000000e+07 5.875102500000000000e+06
4.737557218000000034e+02 1.866690400000000000e+07 5.935361000000000000e+06
4.746855661999999825e+02 1.946504000000000000e+07 5.877895000000000000e+06
4.756154106000000183e+02 1.758957800000000000e+07 5.747118000000000000e+06
4.765452549999999974e+02 2.013859400000000000e+07 5.843133000000000000e+06
4.774750994000000333e+02 1.960577400000000000e+07 5.777557500000000000e+06
4.784049438000000123e+02 1.632867000000000000e+07 5.717410500000000000e+06
4.793347881999999913e+02 1.804378400000000000e+07 5.819175500000000000e+06
4.802646326000000272e+02 1.578621400000000000e+07 5.823807000000000000e+06
4.811944770000000631e+02 1.335450100000000000e+07 5.801817500000000000e+06
4.821243214000000421e+02 1.310268700000000000e+07 5.962818000000000000e+06
4.830541657999999643e+02 1.269642800000000000e+07 5.904156000000000000e+06
4.839840102000000002e+02 1.051598800000000000e+07 5.911182500000000000e+06
4.849138545999999792e+02 1.187205800000000000e+07 5.988549500000000000e+06
4.858436990000000151e+02 1.075875800000000000e+07 5.833383500000000000e+06
4.867735433999999941e+02 1.184086300000000000e+07 5.853954000000000000e+06
4.877033877999999731e+02 1.096126300000000000e+07 5.812218500000000000e+06
4.886332322000000090e+02 9.903126000000000000e+06 5.687888500000000000e+06
4.895630766000000449e+02 1.077547600000000000e+07 5.687411000000000000e+06
4.904929210000000239e+02 1.056810400000000000e+07 5.581993500000000000e+06
4.914227654000000030e+02 1.082091200000000000e+07 5.424237500000000000e+06
4.923526097999999820e+02 1.206852000000000000e+07 5.451674500000000000e+06
4.932824542000000179e+02 1.318643400000000000e+07 5.410501000000000000e+06
4.942122986000000537e+02 9.665925000000000000e+06 5.257290500000000000e+06
4.951421430000000328e+02 1.020071300000000000e+07 5.319896500000000000e+06
4.960719873999999550e+02 9.973904000000000000e+06 5.279828000000000000e+06
4.970018317999999908e+02 7.060316000000000000e+06 5.252558500000000000e+06
4.979316761999999699e+02 6.447807000000000000e+06 5.277518500000000000e+06
4.988615206000000057e+02 7.588151500000000000e+06 5.235333000000000000e+06
4.997913649999999848e+02 5.481734500000000000e+06 5.158261500000000000e+06
5.007212093999999638e+02 5.865441500000000000e+06 5.141360500000000000e+06
5.016510537999999997e+02 5.377864000000000000e+06 5.088054000000000000e+06
5.025808982000000356e+02 4.835122500000000000e+06 5.097864500000000000e+06
5.035107426000000146e+02 4.250855000000000000e+06 5.135179000000000000e+06
5.044405869999999936e+02 2.134885500000000000e+06 5.237911000000000000e+06
5.053704314000000295e+02 2.047525875000000000e+06 5.306904000000000000e+06
5.063002758000000085e+02 2.308627750000000000e+06 5.324108500000000000e+06
5.072301202000000444e+02 8.604018125000000000e+05 5.302713500000000000e+06
5.081599646000000234e+02 1.680218000000000000e+06 5.340866500000000000e+06
5.090898089999999456e+02 1.908478500000000000e+06 5.247624000000000000e+06
5.100196533999999815e+02 2.503538000000000000e+06 5.264198000000000000e+06
5.109494978000000174e+02 3.565562250000000000e+06 5.284590000000000000e+06
5.118793421999999964e+02 6.260989500000000000e+06 5.256756000000000000e+06
5.128091865999999754e+02 5.383435500000000000e+06 5.252810000000000000e+06
5.137390310000000682e+02 9.021376000000000000e+06 5.199374500000000000e+06
5.146688754000000472e+02 1.345876300000000000e+07 5.124450000000000000e+06
5.155987198000000262e+02 1.241467000000000000e+07 5.149053500000000000e+06
5.165285642000000053e+02 1.343074600000000000e+07 5.220750000000000000e+06
5.174584085999999843e+02 1.632082900000000000e+07 5.038915000000000000e+06
5.183882529999999633e+02 1.301410800000000000e+07 5.189775000000000000e+06
5.193180974000000560e+02 1.135344100000000000e+07 5.224362500000000000e+06
5.202479418000000351e+02 1.409376300000000000e+07 5.183476500000000000e+06
5.211777862000000141e+02 1.066613800000000000e+07 5.215318500000000000e+06
5.221076305999999931e+02 1.114640000000000000e+07 5.209401500000000000e+06
5.230374749999999722e+02 1.395081200000000000e+07 5.106090000000000000e+06
5.239673194000000649e+02 1.259383900000000000e+07 5.115430000000000000e+06
5.248971638000000439e+02 1.498908800000000000e+07 5.100548000000000000e+06
5.258270082000000230e+02 1.607684200000000000e+07 5.056412000000000000e+06
5.267568526000000020e+02 1.457954900000000000e+07 5.156298500000000000e+06
5.276866969999999810e+02 1.365134900000000000e+07 5.184139000000000000e+06
5.286165414000000737e+02 1.479044100000000000e+07 5.127204000000000000e+06
5.295463857999999391e+02 1.200444400000000000e+07 5.139559000000000000e+06
5.304762301999999181e+02 1.125873100000000000e+07 5.061312000000000000e+06
5.314060746000000108e+02 1.001950100000000000e+07 5.021529500000000000e+06
5.323359189999999899e+02 8.401010000000000000e+06 5.068560000000000000e+06
5.332657633999999689e+02 6.634625500000000000e+06 5.051683500000000000e+06
5.341956077999999479e+02 5.936348500000000000e+06 5.094728000000000000e+06
5.351254522000000406e+02 3.595160250000000000e+06 5.092510000000000000e+06
5.360552966000000197e+02 1.918687625000000000e+06 5.164498500000000000e+06
5.369851409999999987e+02 -5.885248750000000000e+05 5.254019000000000000e+06
5.379149853999999777e+02 -7.391218125000000000e+05 5.381803000000000000e+06
5.388448297999999568e+02 -1.481052750000000000e+06 5.578750500000000000e+06
5.397746742000000495e+02 -2.961872500000000000e+06 5.641319000000000000e+06
5.407045186000000285e+02 -2.363473593750000000e+05 5.692220000000000000e+06
5.416343630000000076e+02 -1.374608500000000000e+06 5.863920500000000000e+06
5.425642073999999866e+02 -2.679164500000000000e+06 5.777452500000000000e+06
5.434940518000000793e+02 3.630467187500000000e+04 5.775439000000000000e+06
5.444238961999999447e+02 1.249642250000000000e+06 5.791505000000000000e+06
5.453537406000000374e+02 -7.907769375000000000e+05 5.652760000000000000e+06
5.462835850000000164e+02 3.313160000000000000e+06 5.673893000000000000e+06
5.472134293999999954e+02 3.520623000000000000e+06 5.611017500000000000e+06
5.481432737999999745e+02 2.875109500000000000e+06 5.498503500000000000e+06
5.490731182000000672e+02 5.808310500000000000e+06 5.457134000000000000e+06
5.500029626000000462e+02 6.777885000000000000e+06 5.390196500000000000e+06
5.509328070000000253e+02 4.283711500000000000e+06 5.259203000000000000e+06
5.518626514000000043e+02 5.869040500000000000e+06 5.178808000000000000e+06
5.527924957999999833e+02 5.791744000000000000e+06 5.143236500000000000e+06
5.537223402000000760e+02 5.933007000000000000e+06 5.066045000000000000e+06
5.546521846000000551e+02 4.981513000000000000e+06 4.987936500000000000e+06
5.555820289999999204e+02 8.706222000000000000e+06 5.042116500000000000e+06
5.565118734000000131e+02 7.292696000000000000e+06 4.956371000000000000e+06
5.574417177999999922e+02 7.894811500000000000e+06 4.834274500000000000e+06
5.583715621999999712e+02 1.157152300000000000e+07 4.910759000000000000e+06
5.593014065999999502e+02 9.242718000000000000e+06 4.885873000000000000e+06
5.602312509999999293e+02 7.764808500000000000e+06 4.749537000000000000e+06
5.611610954000000220e+02 1.003645800000000000e+07 4.942281000000000000e+06
5.620909398000000010e+02 8.343454000000000000e+06 4.972156000000000000e+06
5.630207841999999800e+02 5.133365500000000000e+06 4.835936000000000000e+06
5.639506285999999591e+02 4.774972000000000000e+06 5.045303500000000000e+06
5.648804730000000518e+02 4.121105250000000000e+06 5.074792000000000000e+06
5.658103174000000308e+02 -1.012570068359375000e+03 4.945562500000000000e+06
5.667401618000000099e+02 -2.734161875000000000e+05 4.997165000000000000e+06
5.676700061999999889e+02 -6.818736875000000000e+05 4.922277500000000000e+06
5.685998505999999679e+02 -3.403262500000000000e+06 4.870856000000000000e+06
5.695296950000000606e+02 -2.414995750000000000e+06 4.979172500000000000e+06
5.704595394000000397e+02 -2.768511500000000000e+06 5.061439500000000000e+06
5.713893838000000187e+02 -3.180211750000000000e+06 5.144400000000000000e+06
5.723192281999999977e+02 -3.355225500000000000e+06 5.253547500000000000e+06
5.732490725999999768e+02 -2.595067250000000000e+06 5.387749500000000000e+06
5.741789169999999558e+02 -1.582288750000000000e+06 5.463699500000000000e+06
5.751087614000000485e+02 -6.583834375000000000e+05 5.537305000000000000e+06
5.760386058000000276e+02 9.146532500000000000e+05 5.617039500000000000e+06
5.769684502000000066e+02 4.972332000000000000e+06 5.587946000000000000e+06
5.778982945999999856e+02 4.629601000000000000e+06 5.672981500000000000e+06
5.788281390000000783e+02 5.952392500000000000e+06 5.660885000000000000e+06
5.797579834000000574e+02 8.909800000000000000e+06 5.567676500000000000e+06
5.806878278000000364e+02 7.992896500000000000e+06 5.582921000000000000e+06
5.816176721999999017e+02 5.816654500000000000e+06 5.504596500000000000e+06
5.825475165999999945e+02 9.100075000000000000e+06 5.347601000000000000e+06
5.834773610000000872e+02 7.512583000000000000e+06 5.354589000000000000e+06
5.844072053999999525e+02 5.947923500000000000e+06 5.286428000000000000e+06
5.853370497999999316e+02 8.670673000000000000e+06 5.180176000000000000e+06
5.862668942000000243e+02 7.193557000000000000e+06 5.173679500000000000e+06
5.871967386000000033e+02 4.547883500000000000e+06 5.223159000000000000e+06
5.881265829999999823e+02 4.237026500000000000e+06 5.297456500000000000e+06
5.890564273999999614e+02 8.800595000000000000e+05 5.306669500000000000e+06
5.899862717999999404e+02 1.103019375000000000e+05 5.315265000000000000e+06
5.909161162000000331e+02 -1.295569375000000000e+06 5.261063500000000000e+06
5.918459606000000122e+02 -4.060263500000000000e+06 5.113058500000000000e+06
5.927758049999999912e+02 -3.491688750000000000e+06 4.948832500000000000e+06
5.937056493999999702e+02 -3.808632500000000000e+06 4.879462000000000000e+06
5.946354938000000629e+02 -3.682966500000000000e+06 4.749987000000000000e+06
5.955653382000000420e+02 -2.761569000000000000e+06 4.722574000000000000e+06
5.964951826000000210e+02 -3.868445750000000000e+06 4.803678000000000000e+06
5.974250270000000000e+02 -3.061263750000000000e+06 4.836584500000000000e+06
5.983548713999999791e+02 -2.169576250000000000e+06 4.946828500000000000e+06
5.992847157999999581e+02 -3.822635250000000000e+06 5.036444500000000000e+06
6.002145602000000508e+02 -1.221010250000000000e+06 5.035764500000000000e+06
6.011444046000000299e+02 -8.125281250000000000e+05 5.063199500000000000e+06
6.020742490000000089e+02 -2.751286750000000000e+06 5.059750000000000000e+06
6.030040933999999879e+02 -1.804170625000000000e+05 5.019150000000000000e+06
6.039339377999999670e+02 1.453488875000000000e+06 5.073171000000000000e+06
6.048637822000000597e+02 -2.458476500000000000e+06 5.049070500000000000e+06
6.057936266000000387e+02 1.367175375000000000e+06 5.081020500000000000e+06
6.067234710000000177e+02 -1.423795468750000000e+05 5.084683500000000000e+06
6.076533153999999968e+02 -5.068914500000000000e+06 5.028162000000000000e+06
6.085831598000000895e+02 -1.467433750000000000e+06 5.110446500000000000e+06
6.095130042000000685e+02 -2.427788250000000000e+06 5.061588500000000000e+06
6.104428485999999339e+02 -6.359798000000000000e+06 5.036629000000000000e+06
6.113726929999999129e+02 -3.652170000000000000e+06 5.103921000000000000e+06
6.123025374000000056e+02 -3.900410500000000000e+06 5.079744500000000000e+06
6.132323817999999847e+02 -7.138977000000000000e+06 5.051528000000000000e+06
6.141622261999999637e+02 -5.890575500000000000e+06 5.057331000000000000e+06
6.150920705999999427e+02 -5.989376500000000000e+06 5.072298500000000000e+06
6.160219150000000354e+02 -8.870084000000000000e+06 4.968397500000000000e+06
6.169517594000000145e+02 -5.555381500000000000e+06 4.950914000000000000e+06
6.178816037999999935e+02 -4.384384500000000000e+06 4.973817500000000000e+06
6.188114481999999725e+02 -5.247922500000000000e+06 4.795126000000000000e+06
6.197412925999999516e+02 -3.103631750000000000e+06 5.018323000000000000e+06
6.206711370000000443e+02 -2.269263000000000000e+06 4.987545500000000000e+06
6.216009814000000233e+02 -4.086445750000000000e+06 4.865363000000000000e+06
6.225308258000000023e+02 -3.315764750000000000e+06 5.137889000000000000e+06
6.234606701999999814e+02 -3.643917000000000000e+06 5.144083500000000000e+06
6.243905146000000741e+02 -5.042777500000000000e+06 4.970161000000000000e+06
6.253203589999999394e+02 -3.154351750000000000e+06 5.207426000000000000e+06
6.262502034000000322e+02 -5.070879000000000000e+06 5.210409000000000000e+06
6.271800478000000112e+02 -3.615927000000000000e+06 5.008324000000000000e+06
6.281098921999999902e+02 -2.716392500000000000e+06 5.176180500000000000e+06
6.290397365999999693e+02 -4.787399000000000000e+06 5.134391000000000000e+06
6.299695810000000620e+02 -3.644466750000000000e+06 4.940683000000000000e+06
6.308994254000000410e+02 -5.193057500000000000e+06 5.052786500000000000e+06
6.318292698000000200e+02 -7.057256500000000000e+06 5.088178000000000000e+06
6.327591141999999991e+02 -5.435588000000000000e+06 4.939540500000000000e+06
6.336889585999999781e+02 -6.285208000000000000e+06 5.028615000000000000e+06
6.346188030000000708e+02 -6.594552500000000000e+06 5.012896000000000000e+06
6.355486474000000499e+02 -4.285525500000000000e+06 4.905970500000000000e+06
6.364784917999999152e+02 -4.068723500000000000e+06 4.950367500000000000e+06
6.374083362000000079e+02 -4.464719000000000000e+06 4.813110000000000000e+06
6.383381806000001006e+02 -3.365627750000000000e+06 4.784960500000000000e+06
6.392680249999999660e+02 -4.372649500000000000e+06 4.774121500000000000e+06
6.401978693999999450e+02 -2.676969500000000000e+06 4.783620000000000000e+06
6.411277137999999240e+02 -4.873992000000000000e+06 4.890807000000000000e+06
6.420575581999999031e+02 -3.616466750000000000e+06 4.904035500000000000e+06
6.429874025999999958e+02 -2.888603500000000000e+06 4.971589000000000000e+06
6.439172469999999748e+02 -5.018557500000000000e+06 5.137858500000000000e+06
6.448470913999999539e+02 -3.203852250000000000e+06 5.079474000000000000e+06
6.457769358000000466e+02 -2.904819000000000000e+06 5.091203500000000000e+06
6.467067801999999119e+02 -3.369555250000000000e+06 5.151434000000000000e+06
6.476366246000000046e+02 -3.327828000000000000e+06 5.014997500000000000e+06
6.485664689999999837e+02 -1.539577750000000000e+06 4.967091500000000000e+06
6.494963133999999627e+02 -3.172563500000000000e+06 4.907543000000000000e+06
6.504261578000000554e+02 -3.286726250000000000e+06 4.887777500000000000e+06
6.513560021999999208e+02 -3.000867750000000000e+06 4.881491500000000000e+06
6.522858466000000135e+02 -2.577119750000000000e+06 4.919020500000000000e+06
6.532156910000001062e+02 -3.696755500000000000e+06 4.872384500000000000e+06
6.541455353999999716e+02 -2.118383437500000000e+05 4.847687000000000000e+06
6.550753798000000643e+02 -2.101320750000000000e+06 4.859399000000000000e+06
6.560052241999999296e+02 1.915801562500000000e+05 4.856669500000000000e+06
6.569350686000000223e+02 1.154692250000000000e+06 4.721618000000000000e+06
6.578649130000001151e+02 -1.038371687500000000e+06 4.748847000000000000e+06
6.587947573999999804e+02 -2.612605625000000000e+05 4.732610000000000000e+06
6.597246018000000731e+02 -2.157785546875000000e+04 4.677999000000000000e+06
6.606544462000000522e+02 -1.623850000000000000e+06 4.692573000000000000e+06
6.615842906000000312e+02 -1.273412500000000000e+06 4.743992000000000000e+06
6.625141350000001239e+02 -2.243926500000000000e+06 4.704591500000000000e+06
6.634439793999998756e+02 -2.974371750000000000e+06 4.714080000000000000e+06
6.643738238000000820e+02 -8.210104375000000000e+05 4.744508500000000000e+06
6.653036681999999473e+02 -1.904062625000000000e+06 4.769031000000000000e+06
6.662335125999999264e+02 -1.310815000000000000e+06 4.695096000000000000e+06
6.671633570000001328e+02 3.529022250000000000e+06 4.674633500000000000e+06
6.680932013999998844e+02 3.385813750000000000e+06 4.705052000000000000e+06
6.690230457999999771e+02 4.755573500000000000e+06 4.662644000000000000e+06
6.699528902000001835e+02 1.017664800000000000e+07 4.650957500000000000e+06
6.708827345999999352e+02 8.256409500000000000e+06 4.659149000000000000e+06
6.718125790000000279e+02 8.856974000000000000e+06 4.600936500000000000e+06
6.727424233999998933e+02 9.591948000000000000e+06 4.561533500000000000e+06
6.736722677999999860e+02 8.607191000000000000e+06 4.605641000000000000e+06
6.746021122000000787e+02 4.981009500000000000e+06 4.555257000000000000e+06
6.755319565999999440e+02 5.943396500000000000e+06 4.593514500000000000e+06
6.764618010000000368e+02 3.363961000000000000e+06 4.556752500000000000e+06
6.773916453999999021e+02 1.799399625000000000e+06 4.625194000000000000e+06
6.783214897999999948e+02 5.910262500000000000e+05 4.571567000000000000e+06
6.792513342000000875e+02 -1.258186500000000000e+06 4.597641500000000000e+06
6.801811785999999529e+02 -2.106605250000000000e+06 4.589114000000000000e+06
6.811110230000000456e+02 -2.755584250000000000e+06 4.563778500000000000e+06
6.820408674000000246e+02 -3.763073500000000000e+06 4.606156000000000000e+06
6.829707118000000037e+02 -3.194149000000000000e+06 4.599985500000000000e+06
6.839005562000000964e+02 -3.964155250000000000e+06 4.512339000000000000e+06
6.848304005999999617e+02 -2.973987500000000000e+06 4.546521500000000000e+06
6.857602450000000545e+02 -3.363836500000000000e+06 4.601016500000000000e+06
6.866900894000000335e+02 -5.086992000000000000e+06 4.585666500000000000e+06
6.876199338000000125e+02 -3.690853750000000000e+06 4.594368000000000000e+06
6.885497782000001052e+02 -5.206162000000000000e+06 4.637967000000000000e+06
6.894796225999998569e+02 -6.414859000000000000e+06 4.664661500000000000e+06
6.904094670000000633e+02 -4.974598500000000000e+06 4.606058000000000000e+06
6.913393114000001560e+02 -4.903207000000000000e+06 4.731144000000000000e+06
6.922691557999999077e+02 -4.580129500000000000e+06 4.695768500000000000e+06
6.931990002000001141e+02 -2.938521500000000000e+06 4.631690500000000000e+06
6.941288445999998657e+02 -3.636827750000000000e+06 4.656259500000000000e+06
6.950586889999999585e+02 -1.453265375000000000e+06 4.622437000000000000e+06
6.959885334000001649e+02 -8.033928906250000000e+04 4.582411500000000000e+06
6.969183777999999165e+02 -6.079884375000000000e+05 4.611584500000000000e+06
6.978482222000000093e+02 1.282030250000000000e+06 4.564672500000000000e+06
6.987780665999998746e+02 2.122489750000000000e+06 4.534721000000000000e+06
6.997079109999999673e+02 2.587936750000000000e+06 4.568030000000000000e+06
7.006377554000000600e+02 5.448659000000000000e+06 4.548168500000000000e+06
7.015675997999999254e+02 5.668880500000000000e+06 4.527637500000000000e+06
7.024974442000000181e+02 5.840583500000000000e+06 4.518239500000000000e+06
7.034272885999999971e+02 7.461797500000000000e+06 4.458024500000000000e+06
7.043571329999999762e+02 7.641634500000000000e+06 4.418693500000000000e+06
7.052869774000000689e+02 9.913507000000000000e+06 4.393627000000000000e+06
7.062168217999999342e+02 1.041302000000000000e+07 4.315359500000000000e+06
7.071466662000000269e+02 1.135468200000000000e+07 4.325934500000000000e+06
7.080765106000000060e+02 1.161182300000000000e+07 4.364879500000000000e+06
7.090063549999999850e+02 1.117608700000000000e+07 4.378126500000000000e+06
7.099361994000000777e+02 1.110222500000000000e+07 4.520831500000000000e+06
7.108660437999999431e+02 1.211917700000000000e+07 4.644906500000000000e+06
7.117958882000000358e+02 9.306035000000000000e+06 4.638500500000000000e+06
7.127257326000001285e+02 9.944582000000000000e+06 4.822903500000000000e+06
7.136555769999999939e+02 8.156536500000000000e+06 4.844490500000000000e+06
7.145854214000000866e+02 7.873000000000000000e+06 4.829413000000000000e+06
7.155152657999998382e+02 5.937476000000000000e+06 4.913756000000000000e+06
7.164451102000000446e+02 4.478998000000000000e+06 4.956261500000000000e+06
7.173749546000001374e+02 3.028757750000000000e+06 4.957579000000000000e+06
7.183047989999998890e+02 2.291276500000000000e+06 4.872445500000000000e+06
7.192346434000000954e+02 1.495654375000000000e+05 4.905289500000000000e+06
7.201644877999999608e+02 4.275964062500000000e+05 4.851026000000000000e+06
7.210943321999999398e+02 5.774752500000000000e+05 4.746425000000000000e+06
7.220241766000001462e+02 -2.527264062500000000e+05 4.692753000000000000e+06
7.229540209999998979e+02 -8.318776250000000000e+05 4.649465500000000000e+06
7.238838653999999906e+02 -5.634813281250000000e+04 4.589074500000000000e+06
7.248137097999999696e+02 6.855018750000000000e+05 4.522966500000000000e+06
7.257435541999999487e+02 -8.866550000000000000e+05 4.535345000000000000e+06
7.266733986000000414e+02 -1.060027968750000000e+05 4.499833500000000000e+06
7.276032429999999067e+02 2.317524062500000000e+05 4.498450000000000000e+06
7.285330873999999994e+02 1.233646000000000000e+06 4.545474500000000000e+06
7.294629318000000922e+02 1.411676250000000000e+06 4.490159000000000000e+06
7.303927761999999575e+02 1.582606500000000000e+06 4.532579000000000000e+06
7.313226206000000502e+02 2.856561000000000000e+06 4.542306500000000000e+06
7.322524649999999156e+02 2.037413000000000000e+06 4.544660500000000000e+06
7.331823094000000083e+02 2.658651000000000000e+06 4.634980500000000000e+06
7.341121538000001010e+02 1.059178875000000000e+06 4.696626000000000000e+06
7.350419981999999663e+02 -3.109791875000000000e+05 4.708190500000000000e+06
7.359718426000000591e+02 -1.104000625000000000e+06 4.737048000000000000e+06
7.369016869999999244e+02 -2.089993375000000000e+06 4.739327000000000000e+06
7.378315314000000171e+02 -3.370878000000000000e+06 4.675304500000000000e+06
7.387613758000001098e+02 -4.284192000000000000e+06 4.709851500000000000e+06
7.396912201999999752e+02 -3.630913500000000000e+06 4.669902000000000000e+06
7.406210646000000679e+02 -2.170575750000000000e+06 4.640264500000000000e+06
7.415509090000000469e+02 -2.102521250000000000e+06 4.583176000000000000e+06
7.424807534000000260e+02 -1.324589125000000000e+06 4.522910000000000000e+06
7.434105978000001187e+02 -5.417500625000000000e+05 4.463294500000000000e+06
7.443404421999998704e+02 -1.020513625000000000e+06 4.469653500000000000e+06
7.452702866000000768e+02 -1.723864250000000000e+06 4.395887500000000000e+06
7.462001309999999421e+02 -1.664215000000000000e+06 4.353512000000000000e+06
7.471299753999999211e+02 -3.403472250000000000e+06 4.394028000000000000e+06
7.480598198000001275e+02 -3.997927250000000000e+06 4.360057500000000000e+06
7.489896641999998792e+02 -1.933763500000000000e+06 4.478385500000000000e+06
7.499195085999999719e+02 -3.502700000000000000e+06 4.515763500000000000e+06
7.508493530000001783e+02 -3.459693500000000000e+06 4.518622000000000000e+06
7.517791973999999300e+02 -3.805765000000000000e+06 4.527928000000000000e+06
7.527090418000000227e+02 -2.874271750000000000e+06 4.443340500000000000e+06
7.536388861999998880e+02 -4.764666500000000000e+06 4.507034500000000000e+06
7.545687305999999808e+02 -3.844808500000000000e+06 4.473059000000000000e+06
7.554985750000000735e+02 -2.360373250000000000e+06 4.475880000000000000e+06
7.564284193999999388e+02 -2.216405000000000000e+06 4.579435000000000000e+06
7.573582638000000316e+02 -4.471132187500000000e+05 4.500312000000000000e+06
7.582881081999998969e+02 5.827536875000000000e+05 4.537120000000000000e+06
7.592179525999999896e+02 3.044624250000000000e+06 4.502845500000000000e+06
7.601477970000000823e+02 3.131350750000000000e+06 4.471724500000000000e+06
7.610776413999999477e+02 2.707752000000000000e+06 4.452376000000000000e+06
7.620074858000000404e+02 5.122818500000000000e+06 4.459295500000000000e+06
7.629373302000000194e+02 5.065562000000000000e+06 4.430438500000000000e+06
7.638671745999999985e+02 4.258262000000000000e+06 4.502300500000000000e+06
7.647970190000000912e+02 6.288434500000000000e+06 4.543093000000000000e+06
7.657268633999999565e+02 5.959904500000000000e+06 4.514896000000000000e+06
7.666567078000000492e+02 6.557515500000000000e+06 4.521488000000000000e+06
7.675865522000000283e+02 8.624618000000000000e+06 4.592194500000000000e+06
7.685163966000000073e+02 7.530155500000000000e+06 4.544667500000000000e+06
7.694462410000001000e+02 6.540831500000000000e+06 4.631254500000000000e+06
7.703760853999998517e+02 6.866242000000000000e+06 4.672093500000000000e+06
7.713059298000000581e+02 6.775764000000000000e+06 4.667513500000000000e+06
7.722357742000001508e+02 6.516288000000000000e+06 4.722254000000000000e+06
7.731656185999999025e+02 8.386462500000000000e+06 4.653562500000000000e+06
7.740954630000001089e+02 7.587589000000000000e+06 4.645366000000000000e+06
7.750253073999998605e+02 9.329352000000000000e+06 4.530299500000000000e+06
7.759551517999999533e+02 1.122755000000000000e+07 4.521169000000000000e+06
7.768849962000001597e+02 1.119751200000000000e+07 4.538251000000000000e+06
7.778148405999999113e+02 1.167679000000000000e+07 4.489615000000000000e+06
7.787446850000000040e+02 1.174778000000000000e+07 4.492268000000000000e+06
7.796745293999999831e+02 1.014642600000000000e+07 4.543141000000000000e+06
7.806043737999999621e+02 1.014698200000000000e+07 4.522769000000000000e+06
7.815342182000000548e+02 9.488668000000000000e+06 4.538063500000000000e+06
7.824640625999999202e+02 9.533388000000000000e+06 4.552219000000000000e+06
7.833939070000000129e+02 7.953779000000000000e+06 4.473866500000000000e+06
7.843237513999999919e+02 9.635738000000000000e+06 4.463022000000000000e+06
7.852535957999999710e+02 9.197741000000000000e+06 4.328104000000000000e+06
7.861834402000000637e+02 8.406161000000000000e+06 4.347024000000000000e+06
7.871132845999999290e+02 8.008154500000000000e+06 4.332464000000000000e+06
7.880431290000000217e+02 8.176869500000000000e+06 4.370407000000000000e+06
7.889729734000001145e+02 6.587602500000000000e+06 4.420556500000000000e+06
7.899028177999999798e+02 5.364080000000000000e+06 4.446072000000000000e+06
7.908326622000000725e+02 6.048653000000000000e+06 4.511938000000000000e+06
7.917625065999999379e+02 4.661727000000000000e+06 4.515154500000000000e+06
7.926923510000000306e+02 4.201341000000000000e+06 4.554579500000000000e+06
7.936221954000001233e+02 4.535113500000000000e+06 4.527664500000000000e+06
7.945520397999999886e+02 3.447271000000000000e+06 4.572546000000000000e+06
7.954818842000000814e+02 3.183082500000000000e+06 4.519421000000000000e+06
7.964117285999998330e+02 2.944739250000000000e+06 4.596086000000000000e+06
7.973415730000000394e+02 2.123200000000000000e+06 4.470066000000000000e+06
7.982714174000001321e+02 2.256607500000000000e+06 4.523867500000000000e+06
7.992012617999998838e+02 8.584860625000000000e+05 4.414855500000000000e+06
8.001311062000000902e+02 2.384202250000000000e+06 4.387348500000000000e+06
8.010609505999999556e+02 1.873789750000000000e+06 4.362238000000000000e+06
8.019907949999999346e+02 1.728383125000000000e+06 4.399067000000000000e+06
8.029206394000001410e+02 4.460722000000000000e+06 4.437826000000000000e+06
8.038504837999998927e+02 5.381796000000000000e+06 4.512603000000000000e+06
8.047803281999999854e+02 5.220730000000000000e+06 4.517964000000000000e+06
8.057101725999999644e+02 6.894766000000000000e+06 4.615000500000000000e+06
8.066400169999999434e+02 7.651402500000000000e+06 4.555145500000000000e+06
8.075698614000000362e+02 8.318663000000000000e+06 4.614830500000000000e+06
8.084997057999999015e+02 9.025032000000000000e+06 4.578834000000000000e+06
8.094295501999999942e+02 9.809649000000000000e+06 4.506662500000000000e+06
8.103593946000000869e+02 9.406078000000000000e+06 4.516146000000000000e+06
8.112892389999999523e+02 9.258788000000000000e+06 4.447010000000000000e+06
8.122190834000000450e+02 9.191858000000000000e+06 4.486949000000000000e+06
8.131489277999999103e+02 8.842143000000000000e+06 4.459068500000000000e+06
8.140787722000000031e+02 8.054303500000000000e+06 4.480967000000000000e+06
8.150086166000000958e+02 7.598828500000000000e+06 4.576168500000000000e+06
8.159384609999999611e+02 7.292634000000000000e+06 4.487341000000000000e+06
8.168683054000000539e+02 5.759511000000000000e+06 4.519767000000000000e+06
8.177981497999999192e+02 4.310818000000000000e+06 4.581141500000000000e+06
8.187279942000000119e+02 3.142132250000000000e+06 4.497846500000000000e+06
8.196578386000001046e+02 5.921341875000000000e+05 4.556767500000000000e+06
8.205876829999999700e+02 -9.138534375000000000e+05 4.498067500000000000e+06
8.215175274000000627e+02 -1.695374843750000000e+05 4.499902500000000000e+06
8.224473718000000417e+02 -1.652454375000000000e+06 4.498776000000000000e+06
8.233772162000000208e+02 -1.683475375000000000e+06 4.499245500000000000e+06
8.243070606000001135e+02 -8.767279375000000000e+05 4.463715500000000000e+06
8.252369049999998651e+02 -1.377428906250000000e+05 4.421415000000000000e+06
8.261667494000000715e+02 -2.144341500000000000e+06 4.431976000000000000e+06
8.270965938000000506e+02 -2.009843625000000000e+06 4.362504500000000000e+06
8.280264381999999159e+02 -3.517043500000000000e+06 4.336546500000000000e+06
8.289562826000001223e+02 -6.495026000000000000e+06 4.400980000000000000e+06
8.298861269999998740e+02 -6.244522500000000000e+06 4.382256000000000000e+06
8.308159713999999667e+02 -8.834994000000000000e+06 4.413841000000000000e+06
8.317458158000001731e+02 -8.816507000000000000e+06 4.482243500000000000e+06
8.326756601999999248e+02 -5.871738000000000000e+06 4.454724000000000000e+06
8.336055046000000175e+02 -5.363555500000000000e+06 4.453249000000000000e+06
8.345353489999998828e+02 -3.539997000000000000e+06 4.456585000000000000e+06
8.354651933999999756e+02 2.144414843750000000e+05 4.521579500000000000e+06
8.363950378000000683e+02 1.010592187500000000e+05 4.543282000000000000e+06
8.373248821999999336e+02 2.406426250000000000e+06 4.564486500000000000e+06
8.382547266000000263e+02 2.925670750000000000e+06 4.640886000000000000e+06
8.391845710000000054e+02 3.567160250000000000e+06 4.623724500000000000e+06
8.401144153999999844e+02 3.273495500000000000e+06 4.644874500000000000e+06
8.410442598000000771e+02 3.206900000000000000e+06 4.627769500000000000e+06
8.419741041999999425e+02 3.967721500000000000e+06 4.656519500000000000e+06
8.429039486000000352e+02 1.448169375000000000e+06 4.656286500000000000e+06
8.438337930000000142e+02 2.997008437500000000e+05 4.604161000000000000e+06
8.447636373999999932e+02 3.438829687500000000e+05 4.630621500000000000e+06
8.456934818000000860e+02 -9.664943125000000000e+05 4.679048000000000000e+06
8.466233261999999513e+02 -2.286757000000000000e+06 4.639685000000000000e+06
8.475531706000000440e+02 -1.845361000000000000e+06 4.629376000000000000e+06
8.484830150000001368e+02 -6.184785625000000000e+05 4.632310000000000000e+06
8.494128594000000021e+02 -1.754173375000000000e+06 4.630744500000000000e+06
8.503427038000000948e+02 -1.956005375000000000e+06 4.619009500000000000e+06
8.512725481999998465e+02 -1.510537125000000000e+06 4.553997000000000000e+06
8.522023926000000529e+02 -3.022949500000000000e+06 4.544659000000000000e+06
8.531322370000001456e+02 -2.054351625000000000e+06 4.518424500000000000e+06
8.540620813999998973e+02 -3.289088750000000000e+06 4.484712000000000000e+06
8.549919258000001037e+02 -3.818383500000000000e+06 4.453211000000000000e+06
8.559217701999998553e+02 -1.504890625000000000e+06 4.471486000000000000e+06
8.568516145999999480e+02 -2.336527750000000000e+06 4.432562000000000000e+06
8.577814590000001544e+02 -1.971919000000000000e+06 4.445074500000000000e+06
8.587113033999999061e+02 -7.512814375000000000e+05 4.453362500000000000e+06
8.596411477999999988e+02 -1.433161750000000000e+06 4.426328000000000000e+06
8.605709921999999779e+02 -1.679108625000000000e+06 4.492000000000000000e+06
8.615008365999999569e+02 -1.700320125000000000e+06 4.486617000000000000e+06
8.624306810000000496e+02 -2.311943500000000000e+06 4.452575000000000000e+06
8.633605253999999150e+02 -3.701716750000000000e+06 4.461259500000000000e+06
8.642903698000000077e+02 -4.572423000000000000e+06 4.399552000000000000e+06
8.652202141999999867e+02 -5.091985000000000000e+06 4.332410500000000000e+06
8.661500585999999657e+02 -7.734325000000000000e+06 4.302110500000000000e+06
8.670799030000000585e+02 -8.404060000000000000e+06 4.268106000000000000e+06
8.680097473999999238e+02 -8.321262500000000000e+06 4.180176750000000000e+06
8.689395918000000165e+02 -1.084670000000000000e+07 4.208464500000000000e+06
8.698694362000001092e+02 -9.967126000000000000e+06 4.242562000000000000e+06
8.707992805999999746e+02 -9.513579000000000000e+06 4.243617500000000000e+06
8.717291250000000673e+02 -1.077779200000000000e+07 4.317810500000000000e+06
8.726589693999999326e+02 -1.180560800000000000e+07 4.375498000000000000e+06
8.735888138000000254e+02 -1.021210700000000000e+07 4.426532500000000000e+06
8.745186582000001181e+02 -1.170315000000000000e+07 4.452378500000000000e+06
8.754485025999999834e+02 -1.158750500000000000e+07 4.470711500000000000e+06
8.763783470000000762e+02 -1.096835400000000000e+07 4.425033000000000000e+06
8.773081913999998278e+02 -9.315789000000000000e+06 4.361316000000000000e+06
8.782380358000000342e+02 -8.692920000000000000e+06 4.321422000000000000e+06
8.791678802000001269e+02 -6.991122000000000000e+06 4.311136000000000000e+06
8.800977245999998786e+02 -3.957177000000000000e+06 4.342982000000000000e+06
8.810275690000000850e+02 -4.788461500000000000e+06 4.310000500000000000e+06
8.819574134000000640e+02 -4.788457500000000000e+06 4.342925500000000000e+06
8.828872577999999294e+02 -3.251249000000000000e+06 4.269747500000000000e+06
8.838171022000001358e+02 -4.654555500000000000e+06 4.343423500000000000e+06
8.847469465999998874e+02 -4.805666000000000000e+06 4.248517500000000000e+06
8.856767909999999802e+02 -3.035468750000000000e+06 4.132287750000000000e+06
8.866066353999999592e+02 -3.335653750000000000e+06 4.173796500000000000e+06
8.875364797999999382e+02 -3.658816250000000000e+06 4.104148500000000000e+06
8.884663242000000309e+02 -1.333673750000000000e+06 4.039131250000000000e+06
8.893961685999998963e+02 -1.193590500000000000e+06 4.052450250000000000e+06
8.903260129999999890e+02 -8.289005625000000000e+05 4.041965500000000000e+06
8.912558574000000817e+02 1.111303875000000000e+06 3.988195250000000000e+06
8.921857017999999471e+02 1.380655875000000000e+06 4.023054750000000000e+06
8.931155462000000398e+02 6.109614375000000000e+05 3.970454250000000000e+06
8.940453905999999051e+02 2.525270500000000000e+06 3.923206000000000000e+06
8.949752349999999979e+02 2.592621000000000000e+06 3.925012750000000000e+06
8.959050794000000906e+02 3.194316750000000000e+06 3.954733500000000000e+06
8.968349237999999559e+02 4.832356000000000000e+06 3.973615500000000000e+06
8.977647682000000486e+02 3.507758000000000000e+06 4.001651250000000000e+06
8.986946126000000277e+02 4.326428000000000000e+06 4.098274250000000000e+06
8.996244570000000067e+02 6.247317000000000000e+06 4.142716000000000000e+06
9.005543014000000994e+02 3.633141250000000000e+06 4.157261250000000000e+06
9.014841457999999648e+02 4.104039750000000000e+06 4.170389500000000000e+06
9.024139902000000575e+02 4.298907000000000000e+06 4.201967000000000000e+06
9.033438346000000365e+02 2.279677000000000000e+06 4.155546250000000000e+06
9.042736790000000155e+02 2.567112250000000000e+06 4.220484500000000000e+06
9.052035234000001083e+02 3.099342500000000000e+06 4.205468500000000000e+06
9.061333677999998599e+02 1.859768125000000000e+06 4.178915750000000000e+06
9.070632122000000663e+02 3.093732000000000000e+06 4.242655500000000000e+06
9.079930566000001591e+02 3.382518500000000000e+06 4.256438500000000000e+06
9.089229009999999107e+02 1.784452000000000000e+06 4.211926000000000000e+06
9.098527454000001171e+02 3.792614000000000000e+06 4.266574000000000000e+06
9.107825897999998688e+02 2.906945500000000000e+06 4.275411500000000000e+06
9.117124341999999615e+02 2.386140500000000000e+06 4.219468000000000000e+06
9.126422786000001679e+02 2.983888500000000000e+06 4.222468000000000000e+06
9.135721229999999196e+02 1.587287375000000000e+06 4.184461250000000000e+06
9.145019674000000123e+02 1.508967875000000000e+06 4.163297500000000000e+06
9.154318117999998776e+02 2.200137750000000000e+06 4.195760500000000000e+06
9.163616561999999703e+02 -3.938861250000000000e+05 4.147114750000000000e+06
9.172915006000000631e+02 -1.351496386718750000e+04 4.158243250000000000e+06
9.182213449999999284e+02 -8.255617500000000000e+05 4.213155500000000000e+06
9.191511894000000211e+02 -1.909508375000000000e+06 4.175584000000000000e+06
9.200810338000000002e+02 -1.655936875000000000e+06 4.253095000000000000e+06
9.210108781999999792e+02 -3.335115750000000000e+06 4.295696500000000000e+06
9.219407226000000719e+02 -3.769402750000000000e+06 4.224162500000000000e+06
9.228705669999999373e+02 -3.755046500000000000e+06 4.277764500000000000e+06
9.238004114000000300e+02 -5.071132000000000000e+06 4.270903500000000000e+06
9.247302558000000090e+02 -6.156626500000000000e+06 4.259128500000000000e+06
9.256601001999999880e+02 -4.870331000000000000e+06 4.242139500000000000e+06
9.265899446000000808e+02 -5.346568500000000000e+06 4.253859500000000000e+06
9.275197889999999461e+02 -5.113850500000000000e+06 4.286113000000000000e+06
9.284496334000000388e+02 -4.803335000000000000e+06 4.237681500000000000e+06
9.293794778000001315e+02 -2.288820750000000000e+06 4.278914000000000000e+06
9.303093221999999969e+02 -3.973061500000000000e+06 4.242673000000000000e+06
9.312391666000000896e+02 -1.715053500000000000e+06 4.224128000000000000e+06
9.321690109999998413e+02 -2.158942750000000000e+06 4.211706000000000000e+06
9.330988554000000477e+02 -2.145894000000000000e+06 4.185706250000000000e+06
9.340286998000001404e+02 -2.097087625000000000e+06 4.163206250000000000e+06
9.349585441999998920e+02 -1.402867500000000000e+06 4.196071000000000000e+06
9.358883886000000984e+02 -1.950224750000000000e+06 4.167642750000000000e+06
9.368182329999998501e+02 -2.162788750000000000e+06 4.240745000000000000e+06
9.377480773999999428e+02 -1.468587250000000000e+06 4.268853500000000000e+06
9.386779218000001492e+02 -3.074999062500000000e+05 4.281237500000000000e+06
9.396077661999999009e+02 -1.170032500000000000e+06 4.321100500000000000e+06
9.405376105999999936e+02 3.084986875000000000e+05 4.331370500000000000e+06
9.414674549999999726e+02 1.197216250000000000e+06 4.345568500000000000e+06
9.423972993999999517e+02 3.208827187500000000e+05 4.304346500000000000e+06
9.433271438000000444e+02 2.473811750000000000e+06 4.283237500000000000e+06
9.442569881999999097e+02 3.045398250000000000e+06 4.296574000000000000e+06
9.451868326000000025e+02 2.639900000000000000e+06 4.245058000000000000e+06
9.461166769999999815e+02 3.280225000000000000e+06 4.200647000000000000e+06
9.470465213999999605e+02 3.633482500000000000e+06 4.216131500000000000e+06
9.479763658000000532e+02 2.715731500000000000e+06 4.162008750000000000e+06
9.489062101999999186e+02 3.163555750000000000e+06 4.191784250000000000e+06
9.498360546000000113e+02 4.493134375000000000e+05 4.217379500000000000e+06
9.507658990000001040e+02 4.290119062500000000e+05 4.200307500000000000e+06
9.516957433999999694e+02 -1.454388500000000000e+06 4.181248750000000000e+06
9.526255878000000621e+02 -3.180630000000000000e+06 4.163569500000000000e+06
9.535554321999999274e+02 -3.779470750000000000e+06 4.134256750000000000e+06
9.544852766000000202e+02 -5.039992500000000000e+06 4.150985500000000000e+06
9.554151210000001129e+02 -5.416686500000000000e+06 4.146727500000000000e+06
9.563449653999999782e+02 -5.438345000000000000e+06 4.184515500000000000e+06
9.572748098000000709e+02 -6.432758500000000000e+06 4.156739000000000000e+06
9.582046542000000500e+02 -6.128947500000000000e+06 4.165732000000000000e+06
9.591344986000000290e+02 -4.833840500000000000e+06 4.102105750000000000e+06
9.600643430000001217e+02 -6.465536500000000000e+06 4.090022000000000000e+06
9.609941873999998734e+02 -5.108500500000000000e+06 4.083603750000000000e+06
9.619240318000000798e+02 -2.967327000000000000e+06 4.053206000000000000e+06
9.628538762000000588e+02 -3.558629000000000000e+06 4.051588500000000000e+06
9.637837205999999242e+02 -1.790412656250000000e+05 4.083784750000000000e+06
9.647135650000001306e+02 2.193256000000000000e+06 4.053413500000000000e+06
9.656434093999998822e+02 2.466132250000000000e+06 4.048682000000000000e+06
9.665732537999999749e+02 4.076208500000000000e+06 4.052081750000000000e+06
9.675030982000001814e+02 5.847014500000000000e+06 3.994757250000000000e+06
9.684329425999999330e+02 4.610850500000000000e+06 3.969339250000000000e+06
9.693627870000000257e+02 4.529254000000000000e+06 3.905384500000000000e+06
9.702926313999998911e+02 4.379216500000000000e+06 3.916296750000000000e+06
9.712224757999999838e+02 2.724118000000000000e+06 3.894557750000000000e+06
9.721523202000000765e+02 3.261169750000000000e+06 3.907582000000000000e+06
9.730821645999999419e+02 1.900136375000000000e+06 3.879899500000000000e+06
9.740120090000000346e+02 2.147370250000000000e+06 3.913415750000000000e+06
9.749418533999998999e+02 3.356496250000000000e+06 3.995598500000000000e+06
9.758716977999999926e+02 2.725084000000000000e+06 4.044732750000000000e+06
9.768015422000000854e+02 3.366430250000000000e+06 4.082449500000000000e+06
9.777313865999999507e+02 3.865519250000000000e+06 4.135883750000000000e+06
9.786612310000000434e+02 2.820445000000000000e+06 4.150234750000000000e+06
9.795910754000000225e+02 2.221202500000000000e+06 4.081930000000000000e+06
9.805209198000000015e+02 1.774554250000000000e+06 4.039638000000000000e+06
9.814507642000000942e+02 3.129420000000000000e+06 4.001532250000000000e+06
9.823806085999999596e+02 1.127755125000000000e+06 3.962684250000000000e+06
9.833104530000000523e+02 1.197663875000000000e+06 3.969841750000000000e+06
9.842402974000000313e+02 3.066617250000000000e+06 3.982563500000000000e+06
9.851701418000000103e+02 1.107164375000000000e+06 3.962398500000000000e+06
9.860999862000001031e+02 1.046672437500000000e+06 4.000673250000000000e+06
9.870298305999998547e+02 2.997901500000000000e+06 3.942955500000000000e+06
9.879596750000000611e+02 1.836245000000000000e+06 3.931824000000000000e+06
9.888895194000001538e+02 6.201983750000000000e+05 3.929360500000000000e+06
9.898193637999999055e+02 3.010756250000000000e+06 3.941029000000000000e+06
9.907492082000001119e+02 1.849703250000000000e+06 3.904311750000000000e+06
9.916790525999998636e+02 -2.500306875000000000e+05 3.959234750000000000e+06
9.926088969999999563e+02 1.558836500000000000e+06 3.971933250000000000e+06
9.935387414000001627e+02 1.555376250000000000e+05 3.954169750000000000e+06
9.944685857999999143e+02 -6.441879375000000000e+05 4.001479500000000000e+06
9.953984302000000071e+02 -1.348103625000000000e+06 3.954342000000000000e+06
9.963282745999998724e+02 -1.289528500000000000e+06 3.945054250000000000e+06
9.972581189999999651e+02 -2.487728250000000000e+06 3.944060250000000000e+06
9.981879634000000578e+02 -1.215260125000000000e+06 3.941104750000000000e+06
9.991178077999999232e+02 -1.109353000000000000e+06 3.931541500000000000e+06
1.000047652200000016e+03 -4.452841562500000000e+05 3.957247750000000000e+06
1.000977496599999995e+03 3.862094062500000000e+05 3.986343000000000000e+06
1.001907340999999974e+03 2.286225500000000000e+06 4.023111250000000000e+06
1.002837185400000067e+03 1.867040875000000000e+06 4.031100750000000000e+06
1.003767029799999932e+03 3.281651500000000000e+06 4.053014000000000000e+06
1.004696874200000025e+03 4.464563500000000000e+06 4.110117250000000000e+06
1.005626718600000004e+03 4.319185000000000000e+06 4.098623500000000000e+06
1.006556562999999983e+03 4.878398500000000000e+06 4.076196000000000000e+06
1.007486407400000076e+03 5.402252500000000000e+06 4.052055250000000000e+06
1.008416251799999941e+03 5.095326000000000000e+06 4.029385250000000000e+06
1.009346096200000034e+03 3.851220250000000000e+06 4.030796500000000000e+06
1.010275940600000126e+03 3.552081250000000000e+06 3.959301250000000000e+06
1.011205784999999992e+03 2.581857500000000000e+06 3.906647500000000000e+06
1.012135629400000084e+03 1.135714765625000000e+05 3.868388500000000000e+06
1.013065473799999836e+03 1.059803000000000000e+06 3.854685000000000000e+06
1.013995318200000042e+03 -3.439230000000000000e+05 3.884239750000000000e+06
1.014925162600000135e+03 -1.926317000000000000e+06 3.863867250000000000e+06
1.015855006999999887e+03 -1.047836375000000000e+06 3.939390500000000000e+06
1.016784851400000093e+03 -2.914086875000000000e+05 3.983122000000000000e+06
1.017714695800000072e+03 -7.995818125000000000e+05 3.947470250000000000e+06
1.018644540199999938e+03 1.537911375000000000e+06 4.023339250000000000e+06
1.019574384600000144e+03 2.375292250000000000e+06 4.027632750000000000e+06
1.020504228999999896e+03 3.645401000000000000e+06 4.068080500000000000e+06
1.021434073399999988e+03 3.825643500000000000e+06 4.135205000000000000e+06
1.022363917799999967e+03 5.021746500000000000e+06 4.085513750000000000e+06
1.023293762199999946e+03 4.687218000000000000e+06 4.117449500000000000e+06
1.024223606600000039e+03 5.092105000000000000e+06 4.120429500000000000e+06
1.025153450999999905e+03 4.202768500000000000e+06 4.082457000000000000e+06
1.026083295399999997e+03 4.587085500000000000e+06 4.033220500000000000e+06
1.027013139800000090e+03 5.924714500000000000e+06 3.978555250000000000e+06
1.027942984199999955e+03 4.486686500000000000e+06 3.987597250000000000e+06
1.028872828600000048e+03 5.021227500000000000e+06 3.943300000000000000e+06
1.029802672999999913e+03 5.455721500000000000e+06 3.879670250000000000e+06
1.030732517400000006e+03 3.396055000000000000e+06 3.885844250000000000e+06
1.031662361800000099e+03 1.813536250000000000e+06 3.918125750000000000e+06
1.032592206199999964e+03 9.238425625000000000e+05 3.870770250000000000e+06
1.033522050600000057e+03 -1.030037562500000000e+06 3.913420500000000000e+06
1.034451894999999922e+03 -3.247923250000000000e+06 3.924591500000000000e+06
1.035381739400000015e+03 -3.211278750000000000e+06 3.918160750000000000e+06
1.036311583800000108e+03 -3.646551250000000000e+06 3.927754750000000000e+06
1.037241428199999973e+03 -4.203669500000000000e+06 3.946405000000000000e+06
1.038171272600000066e+03 -3.503311250000000000e+06 3.924741750000000000e+06
1.039101116999999931e+03 -3.638453500000000000e+06 3.959746000000000000e+06
1.040030961400000024e+03 -3.697197500000000000e+06 4.031350750000000000e+06
1.040960805800000117e+03 -4.111194750000000000e+06 4.041437250000000000e+06
1.041890650199999982e+03 -3.819262500000000000e+06 4.040593000000000000e+06
1.042820494600000075e+03 -4.605163000000000000e+06 4.050348250000000000e+06
1.043750338999999940e+03 -6.395307500000000000e+06 3.947033750000000000e+06
1.044680183400000033e+03 -5.291270500000000000e+06 3.900558250000000000e+06
1.045610027800000125e+03 -6.908937500000000000e+06 3.910481250000000000e+06
1.046539872199999991e+03 -6.674955000000000000e+06 3.826241750000000000e+06
1.047469716600000083e+03 -5.760590000000000000e+06 3.790614750000000000e+06
1.048399561000000176e+03 -6.486371000000000000e+06 3.773334250000000000e+06
1.049329405400000041e+03 -6.010436000000000000e+06 3.685454250000000000e+06
1.050259249800000134e+03 -5.390599500000000000e+06 3.673869500000000000e+06
1.051189094200000000e+03 -5.821020000000000000e+06 3.646828750000000000e+06
1.052118938600000092e+03 -6.433907000000000000e+06 3.647032500000000000e+06
1.053048783000000185e+03 -5.506940000000000000e+06 3.742452750000000000e+06
1.053978627400000050e+03 -5.736137000000000000e+06 3.795879750000000000e+06
1.054908471800000143e+03 -5.869710000000000000e+06 3.826142000000000000e+06
1.055838316199999781e+03 -4.556741000000000000e+06 3.921348500000000000e+06
1.056768160600000101e+03 -3.525706000000000000e+06 3.941202750000000000e+06
1.057698005000000194e+03 -5.125539500000000000e+06 3.967711750000000000e+06
1.058627849399999832e+03 -4.032003250000000000e+06 4.012124500000000000e+06
1.059557693800000152e+03 -3.185657000000000000e+06 3.979201500000000000e+06
1.060487538200000017e+03 -4.684834500000000000e+06 3.991205000000000000e+06
1.061417382599999883e+03 -4.439565500000000000e+06 4.015638000000000000e+06
1.062347226999999975e+03 -3.082150500000000000e+06 4.049566250000000000e+06
1.063277071399999841e+03 -3.466066250000000000e+06 4.080319750000000000e+06
1.064206915799999933e+03 -3.093185750000000000e+06 4.136397750000000000e+06
1.065136760200000026e+03 -1.514934125000000000e+06 4.183029500000000000e+06
1.066066604599999891e+03 -6.989136250000000000e+05 4.197234000000000000e+06
1.066996448999999984e+03 5.618946875000000000e+05 4.172611250000000000e+06
1.067926293399999849e+03 1.412188750000000000e+06 4.157007500000000000e+06
1.068856137799999942e+03 1.849551000000000000e+06 4.108503750000000000e+06
1.069785982200000035e+03 2.496428750000000000e+06 4.065944000000000000e+06
1.070715826599999900e+03 6.284294375000000000e+05 4.023886000000000000e+06
1.071645670999999993e+03 6.745815625000000000e+05 4.032066250000000000e+06
1.072575515399999858e+03 1.356041113281250000e+04 4.082690500000000000e+06
1.073505359799999951e+03 -1.885639750000000000e+06 4.063430000000000000e+06
1.074435204200000044e+03 -9.438276875000000000e+05 4.089232750000000000e+06
1.075365048599999909e+03 -5.544978750000000000e+05 4.119924250000000000e+06
1.076294893000000002e+03 -1.941983125000000000e+06 4.129516250000000000e+06
1.077224737400000095e+03 1.573212656250000000e+05 4.110290000000000000e+06
1.078154581799999960e+03 5.248467500000000000e+05 4.165946500000000000e+06
1.079084426200000053e+03 -2.499047031250000000e+05 4.119017000000000000e+06
1.080014270599999918e+03 8.284134375000000000e+04 4.092001000000000000e+06
1.080944115000000011e+03 8.509906875000000000e+05 4.063870750000000000e+06
1.081873959400000103e+03 3.387706640625000000e+04 4.044433500000000000e+06
1.082803803799999969e+03 8.926946250000000000e+05 4.014109500000000000e+06
1.083733648200000061e+03 2.006424375000000000e+06 4.015952000000000000e+06
1.084663492599999927e+03 3.195774000000000000e+06 3.991585750000000000e+06
1.085593337000000020e+03 5.042690000000000000e+06 3.989809750000000000e+06
1.086523181400000112e+03 5.539848500000000000e+06 3.955013750000000000e+06
1.087453025799999978e+03 6.000366500000000000e+06 3.889666500000000000e+06
1.088382870200000070e+03 8.103637500000000000e+06 3.846197500000000000e+06
1.089312714599999936e+03 7.099203000000000000e+06 3.828147500000000000e+06
1.090242559000000028e+03 6.935318500000000000e+06 3.764379000000000000e+06
1.091172403400000121e+03 8.437254000000000000e+06 3.781222750000000000e+06
1.092102247799999986e+03 7.064481500000000000e+06 3.727413000000000000e+06
1.093032092200000079e+03 7.211780500000000000e+06 3.749091000000000000e+06
1.093961936599999945e+03 7.780271000000000000e+06 3.743316500000000000e+06
1.094891781000000037e+03 5.557982500000000000e+06 3.758213500000000000e+06
1.095821625400000130e+03 5.524711500000000000e+06 3.741480500000000000e+06
1.096751469799999995e+03 3.806703500000000000e+06 3.794454500000000000e+06
1.097681314200000088e+03 2.325239750000000000e+06 3.822365250000000000e+06
1.098611158599999953e+03 -9.288639062500000000e+04 3.855329250000000000e+06
1.099541003000000046e+03 -1.737459000000000000e+06 3.878963500000000000e+06
1.100470847400000139e+03 -1.972196000000000000e+06 3.967333750000000000e+06
1.101400691800000004e+03 -3.250617000000000000e+06 3.934890000000000000e+06
1.102330536200000097e+03 -3.536372750000000000e+06 3.923659250000000000e+06
1.103260380599999962e+03 -3.551919250000000000e+06 3.924669250000000000e+06
1.104190225000000055e+03 -3.053752750000000000e+06 3.870145250000000000e+06
1.105120069400000148e+03 -3.892153500000000000e+06 3.836640750000000000e+06
1.106049913800000013e+03 -3.872505500000000000e+06 3.801806000000000000e+06
1.106979758200000106e+03 -3.359934000000000000e+06 3.833283500000000000e+06
1.107909602600000198e+03 -4.565076000000000000e+06 3.850348500000000000e+06
1.108839447000000064e+03 -4.561729500000000000e+06 3.828779250000000000e+06
1.109769291400000157e+03 -5.110327500000000000e+06 3.885293250000000000e+06
1.110699135799999794e+03 -4.966705000000000000e+06 3.872448000000000000e+06
1.111628980200000115e+03 -4.320738500000000000e+06 3.855343750000000000e+06
1.112558824600000207e+03 -3.963230250000000000e+06 3.886485500000000000e+06
1.113488668999999845e+03 -2.821469500000000000e+06 3.873155750000000000e+06
1.114418513400000165e+03 -7.780400000000000000e+05 3.879916750000000000e+06
