# Radius [au]	Intensity [Jy/sr]	error_Intensity [Jy/sr]
4.649222000000000077e-01 9.551472230400000000e+10 0.000000000000000000e+00
1.394766600000000079e+00 9.415814348800000000e+10 1.109105792000000000e+09
2.324610999999999983e+00 9.190502400000000000e+10 1.140726400000000000e+09
3.254455399999999887e+00 8.874006937600000000e+10 2.136745472000000000e+09
4.184299799999999792e+00 8.418625945600000000e+10 2.126102400000000000e+09
5.114144200000000140e+00 7.913431859200000000e+10 2.700357632000000000e+09
6.043988599999999600e+00 7.445872640000000000e+10 3.076482560000000000e+09
6.973832999999999949e+00 6.750719180800000000e+10 3.630612736000000000e+09
7.903677400000000297e+00 6.175782912000000000e+10 4.035469312000000000e+09
8.833521799999999757e+00 5.785164595200000000e+10 4.105441024000000000e+09
9.763366200000000106e+00 5.174569779200000000e+10 3.896733440000000000e+09
1.069321060000000045e+01 4.607898419200000000e+10 4.214509568000000000e+09
1.162305500000000080e+01 4.234685235200000000e+10 3.960808704000000000e+09
1.255289939999999937e+01 3.885301350400000000e+10 3.588235008000000000e+09
1.348274379999999972e+01 3.405418700800000000e+10 3.562301440000000000e+09
1.441258820000000007e+01 3.288438579200000000e+10 3.320150016000000000e+09
1.534243260000000042e+01 3.031801446400000000e+10 2.779992832000000000e+09
1.627227699999999899e+01 2.911964160000000000e+10 2.690794496000000000e+09
1.720212139999999934e+01 2.794782310400000000e+10 2.183022080000000000e+09
1.813196579999999969e+01 2.797311180800000000e+10 1.914160768000000000e+09
1.906181020000000004e+01 2.734704025600000000e+10 1.574072448000000000e+09
1.999165460000000039e+01 2.715392409600000000e+10 1.297506688000000000e+09
2.092149900000000073e+01 2.723266764800000000e+10 1.031924864000000000e+09
2.185134339999999753e+01 2.751928934400000000e+10 8.832691840000000000e+08
2.278118780000000143e+01 2.760197324800000000e+10 7.168260480000000000e+08
2.371103219999999823e+01 2.766808473600000000e+10 5.866986880000000000e+08
2.464087660000000213e+01 2.770026496000000000e+10 5.099042880000000000e+08
2.557072099999999892e+01 2.764792422400000000e+10 4.428164480000000000e+08
2.650056540000000282e+01 2.755996057600000000e+10 3.646341440000000000e+08
2.743040979999999962e+01 2.723940966400000000e+10 3.343384320000000000e+08
2.836025420000000352e+01 2.692363264000000000e+10 3.018749760000000000e+08
2.929009859999999676e+01 2.661109555200000000e+10 2.540615520000000000e+08
3.021994300000000067e+01 2.605888307200000000e+10 2.289339040000000000e+08
3.114978739999999746e+01 2.565460172800000000e+10 2.113001280000000000e+08
3.207963180000000136e+01 2.508193587200000000e+10 1.766049120000000000e+08
3.300947619999999461e+01 2.445635379200000000e+10 1.600884640000000000e+08
3.393932060000000206e+01 2.388381081600000000e+10 1.559529600000000000e+08
3.486916499999999530e+01 2.319039283200000000e+10 1.335132640000000000e+08
3.579900940000000276e+01 2.254746828800000000e+10 1.418676320000000000e+08
3.672885379999999600e+01 2.186785177600000000e+10 1.296313440000000000e+08
3.765869820000000345e+01 2.115319603200000000e+10 1.428945760000000000e+08
3.858854259999999670e+01 2.045654630400000000e+10 1.444162240000000000e+08
3.951838700000000415e+01 1.973732966400000000e+10 1.469921440000000000e+08
4.044823139999999739e+01 1.903575449600000000e+10 1.518793120000000000e+08
4.137807580000000485e+01 1.833544294400000000e+10 1.569104640000000000e+08
4.230792020000000520e+01 1.769121382400000000e+10 1.694060480000000000e+08
4.323776459999999133e+01 1.705326080000000000e+10 1.778088000000000000e+08
4.416760899999999879e+01 1.648225689600000000e+10 1.881049920000000000e+08
4.509745339999999914e+01 1.594199859200000000e+10 1.943082400000000000e+08
4.602729780000000659e+01 1.551179776000000000e+10 2.001484320000000000e+08
4.695714219999999273e+01 1.512133632000000000e+10 1.996246400000000000e+08
4.788698660000000018e+01 1.479975116800000000e+10 1.965607200000000000e+08
4.881683100000000053e+01 1.460304384000000000e+10 1.922129600000000000e+08
4.974667540000000798e+01 1.438139392000000000e+10 1.799170880000000000e+08
5.067651979999999412e+01 1.428976947200000000e+10 1.707042880000000000e+08
5.160636420000000157e+01 1.426105036800000000e+10 1.564465440000000000e+08
5.253620860000000192e+01 1.423318118400000000e+10 1.384521280000000000e+08
5.346605300000000938e+01 1.421104537600000000e+10 1.285447200000000000e+08
5.439589739999999551e+01 1.425045094400000000e+10 1.186454320000000000e+08
5.532574179999999586e+01 1.427437260800000000e+10 1.110548240000000000e+08
5.625558620000000332e+01 1.427410227200000000e+10 1.054444080000000000e+08
5.718543060000000366e+01 1.432875622400000000e+10 1.026528720000000000e+08
5.811527499999999691e+01 1.430056038400000000e+10 1.076084560000000000e+08
5.904511939999999726e+01 1.427380531200000000e+10 1.055375120000000000e+08
5.997496380000000471e+01 1.425677414400000000e+10 1.071898080000000000e+08
6.090480820000000506e+01 1.418904371200000000e+10 1.083666240000000000e+08
6.183465259999999120e+01 1.410836172800000000e+10 1.093286240000000000e+08
6.276449699999999865e+01 1.400770764800000000e+10 1.082091200000000000e+08
6.369434140000000610e+01 1.388049203200000000e+10 1.081011360000000000e+08
6.462418580000000645e+01 1.373569126400000000e+10 1.086490640000000000e+08
6.555403019999999970e+01 1.354756300800000000e+10 1.102005040000000000e+08
6.648387459999999294e+01 1.335134515200000000e+10 1.160531600000000000e+08
6.741371900000000039e+01 1.315680870400000000e+10 1.082762000000000000e+08
6.834356340000000785e+01 1.284387737600000000e+10 1.151704560000000000e+08
6.927340779999998688e+01 1.261454745600000000e+10 1.215073120000000000e+08
7.020325219999999433e+01 1.233054105600000000e+10 1.124150320000000000e+08
7.113309660000000179e+01 1.194812006400000000e+10 1.182523280000000000e+08
7.206294100000000924e+01 1.167465062400000000e+10 1.244266320000000000e+08
7.299278539999998827e+01 1.137300480000000000e+10 1.179282320000000000e+08
7.392262979999999573e+01 1.096426086400000000e+10 1.198530080000000000e+08
7.485247420000000318e+01 1.062517555200000000e+10 1.231213280000000000e+08
7.578231860000001063e+01 1.036383436800000000e+10 1.187335280000000000e+08
7.671216299999998967e+01 9.939074048000000000e+09 1.165003040000000000e+08
7.764200739999999712e+01 9.599570944000000000e+09 1.142733680000000000e+08
7.857185180000000457e+01 9.330007040000000000e+09 1.061396000000000000e+08
7.950169620000001203e+01 8.966020096000000000e+09 1.046648400000000000e+08
8.043154059999999106e+01 8.645312512000000000e+09 1.046452960000000000e+08
8.136138499999999851e+01 8.433928704000000000e+09 1.002308080000000000e+08
8.229122940000000597e+01 8.100410880000000000e+09 9.837306400000000000e+07
8.322107380000001342e+01 7.862506496000000000e+09 1.002714560000000000e+08
8.415091819999999245e+01 7.675369984000000000e+09 9.708089600000000000e+07
8.508076259999999991e+01 7.418032128000000000e+09 9.479036000000000000e+07
8.601060700000000736e+01 7.227535360000000000e+09 8.989248800000000000e+07
8.694045140000000060e+01 7.070678016000000000e+09 8.703508800000000000e+07
8.787029579999999385e+01 6.867547136000000000e+09 8.168192000000000000e+07
8.880014020000000130e+01 6.708009472000000000e+09 7.730956800000000000e+07
8.972998460000000875e+01 6.550048768000000000e+09 7.740732000000000000e+07
9.065982900000000200e+01 6.382937600000000000e+09 7.424174400000000000e+07
9.158967339999999524e+01 6.229942784000000000e+09 7.226995200000000000e+07
9.251951780000000269e+01 6.078561792000000000e+09 7.325533600000000000e+07
9.344936219999999594e+01 5.920204288000000000e+09 7.130318400000000000e+07
9.437920660000000339e+01 5.770772480000000000e+09 7.025401600000000000e+07
9.530905099999999663e+01 5.588588032000000000e+09 7.046620000000000000e+07
9.623889540000000409e+01 5.436990464000000000e+09 6.943714400000000000e+07
9.716873979999999733e+01 5.265419264000000000e+09 6.781516000000000000e+07
9.809858420000000478e+01 5.105957888000000000e+09 6.783244800000000000e+07
9.902842859999999803e+01 4.925279232000000000e+09 6.814306400000000000e+07
9.995827300000000548e+01 4.759278592000000000e+09 6.791489600000000000e+07
1.008881173999999987e+02 4.614988800000000000e+09 6.816049600000000000e+07
1.018179618000000062e+02 4.446292992000000000e+09 6.957208000000000000e+07
1.027478061999999994e+02 4.275694336000000000e+09 6.826450400000000000e+07
1.036776505999999927e+02 4.164283392000000000e+09 7.145168000000000000e+07
1.046074950000000001e+02 4.020140800000000000e+09 6.963020000000000000e+07
1.055373394000000076e+02 3.859294208000000000e+09 6.959137600000000000e+07
1.064671838000000008e+02 3.781092608000000000e+09 6.942341600000000000e+07
1.073970281999999941e+02 3.646633216000000000e+09 6.872994400000000000e+07
1.083268726000000015e+02 3.525648128000000000e+09 6.978953600000000000e+07
1.092567170000000090e+02 3.460811264000000000e+09 7.069689600000000000e+07
1.101865613999999880e+02 3.347994112000000000e+09 6.961210400000000000e+07
1.111164057999999955e+02 3.275039488000000000e+09 6.851260000000000000e+07
1.120462502000000029e+02 3.210198272000000000e+09 7.136880000000000000e+07
1.129760946000000104e+02 3.131685376000000000e+09 6.674624000000000000e+07
1.139059389999999894e+02 3.076419840000000000e+09 6.663741600000000000e+07
1.148357833999999968e+02 3.011969024000000000e+09 6.575899600000000000e+07
1.157656278000000043e+02 2.934475008000000000e+09 6.350628800000000000e+07
1.166954722000000118e+02 2.878163200000000000e+09 6.165148800000000000e+07
1.176253165999999908e+02 2.832803072000000000e+09 6.168203200000000000e+07
1.185551609999999982e+02 2.750768640000000000e+09 6.063591200000000000e+07
1.194850054000000057e+02 2.705461504000000000e+09 6.041118800000000000e+07
1.204148498000000131e+02 2.677860864000000000e+09 6.035081600000000000e+07
1.213446941999999922e+02 2.634827264000000000e+09 5.782061200000000000e+07
1.222745385999999996e+02 2.606598912000000000e+09 5.942081200000000000e+07
1.232043830000000071e+02 2.612546816000000000e+09 6.005847600000000000e+07
1.241342274000000145e+02 2.585534208000000000e+09 5.918604400000000000e+07
1.250640717999999936e+02 2.595175168000000000e+09 5.894470800000000000e+07
1.259939162000000010e+02 2.595385600000000000e+09 5.810056800000000000e+07
1.269237606000000085e+02 2.589001472000000000e+09 5.776485600000000000e+07
1.278536050000000017e+02 2.605954816000000000e+09 5.746817200000000000e+07
1.287834493999999950e+02 2.614386176000000000e+09 5.594267600000000000e+07
1.297132938000000024e+02 2.618614016000000000e+09 5.630068000000000000e+07
1.306431382000000099e+02 2.620650496000000000e+09 5.759014400000000000e+07
1.315729826000000173e+02 2.647284480000000000e+09 5.771466000000000000e+07
1.325028269999999964e+02 2.644915968000000000e+09 5.994902800000000000e+07
1.334326714000000038e+02 2.665315072000000000e+09 6.403394000000000000e+07
1.343625158000000113e+02 2.674206464000000000e+09 6.413905600000000000e+07
1.352923602000000187e+02 2.695056128000000000e+09 6.727720000000000000e+07
1.362222045999999978e+02 2.708953856000000000e+09 7.096704800000000000e+07
1.371520490000000052e+02 2.734986240000000000e+09 7.204420800000000000e+07
1.380818934000000127e+02 2.760015104000000000e+09 7.368418400000000000e+07
1.390117378000000201e+02 2.800586752000000000e+09 7.620820800000000000e+07
1.399415821999999991e+02 2.835104768000000000e+09 7.553798400000000000e+07
1.408714266000000066e+02 2.868633344000000000e+09 7.591828800000000000e+07
1.418012710000000141e+02 2.932929536000000000e+09 7.550052000000000000e+07
1.427311154000000215e+02 2.982563072000000000e+09 7.166056800000000000e+07
1.436609598000000005e+02 3.033796864000000000e+09 7.040218400000000000e+07
1.445908042000000080e+02 3.106978816000000000e+09 6.733746400000000000e+07
1.455206486000000154e+02 3.156747776000000000e+09 6.350612800000000000e+07
1.464504929999999945e+02 3.208387072000000000e+09 6.003658000000000000e+07
1.473803374000000019e+02 3.277261568000000000e+09 5.825321200000000000e+07
1.483101818000000094e+02 3.306293248000000000e+09 5.501785200000000000e+07
1.492400262000000168e+02 3.350792448000000000e+09 5.254916800000000000e+07
1.501698705999999959e+02 3.395761664000000000e+09 5.052754400000000000e+07
1.510997150000000033e+02 3.420101888000000000e+09 5.097718000000000000e+07
1.520295594000000108e+02 3.439829760000000000e+09 4.984395600000000000e+07
1.529594037999999898e+02 3.475625216000000000e+09 4.967324400000000000e+07
1.538892481999999973e+02 3.473701888000000000e+09 4.978170400000000000e+07
1.548190926000000047e+02 3.482902272000000000e+09 5.068402400000000000e+07
1.557489370000000122e+02 3.476949504000000000e+09 4.920890800000000000e+07
1.566787813999999912e+02 3.460818432000000000e+09 4.890548000000000000e+07
1.576086257999999987e+02 3.443307008000000000e+09 4.862947600000000000e+07
1.585384702000000061e+02 3.409075456000000000e+09 4.789748000000000000e+07
1.594683145999999851e+02 3.371297024000000000e+09 4.817742000000000000e+07
1.603981589999999926e+02 3.328492544000000000e+09 4.895586800000000000e+07
1.613280034000000001e+02 3.281825792000000000e+09 4.984483600000000000e+07
1.622578477999999791e+02 3.224283904000000000e+09 5.192586400000000000e+07
1.631876922000000150e+02 3.185029376000000000e+09 5.398215600000000000e+07
1.641175365999999940e+02 3.119493376000000000e+09 5.530141200000000000e+07
1.650473810000000299e+02 3.058888960000000000e+09 5.806239200000000000e+07
1.659772253999999805e+02 3.024064256000000000e+09 5.867901200000000000e+07
1.669070698000000448e+02 2.945685504000000000e+09 5.900208000000000000e+07
1.678369141999999954e+02 2.898094592000000000e+09 5.769945200000000000e+07
1.687667585999999744e+02 2.844320768000000000e+09 5.710949200000000000e+07
1.696966030000000103e+02 2.763242496000000000e+09 5.542370400000000000e+07
1.706264473999999893e+02 2.726233600000000000e+09 5.601638800000000000e+07
1.715562918000000252e+02 2.675956480000000000e+09 5.457173200000000000e+07
1.724861361999999758e+02 2.608365056000000000e+09 5.585357600000000000e+07
1.734159806000000401e+02 2.555408128000000000e+09 5.452795200000000000e+07
1.743458249999999907e+02 2.506608384000000000e+09 5.286142400000000000e+07
1.752756693999999698e+02 2.440710656000000000e+09 5.476346800000000000e+07
1.762055138000000056e+02 2.388480256000000000e+09 5.379467200000000000e+07
1.771353581999999847e+02 2.343583488000000000e+09 4.994066400000000000e+07
1.780652026000000205e+02 2.279911680000000000e+09 5.347066400000000000e+07
1.789950469999999996e+02 2.225833472000000000e+09 5.171172800000000000e+07
1.799248914000000354e+02 2.209583872000000000e+09 4.796562800000000000e+07
1.808547357999999861e+02 2.151794944000000000e+09 5.014152400000000000e+07
1.817845802000000219e+02 2.097206144000000000e+09 4.919648400000000000e+07
1.827144246000000010e+02 2.088220288000000000e+09 4.870865600000000000e+07
1.836442689999999800e+02 2.032950912000000000e+09 5.038219200000000000e+07
1.845741134000000159e+02 1.980516224000000000e+09 5.122430000000000000e+07
1.855039577999999949e+02 1.938214912000000000e+09 5.112627600000000000e+07
1.864338022000000308e+02 1.882987264000000000e+09 5.210076800000000000e+07
1.873636465999999814e+02 1.808640128000000000e+09 5.251320400000000000e+07
1.882934910000000173e+02 1.762653440000000000e+09 5.092587600000000000e+07
1.892233353999999963e+02 1.707326720000000000e+09 5.068691200000000000e+07
1.901531797999999753e+02 1.645234304000000000e+09 5.075610800000000000e+07
1.910830242000000112e+02 1.571397888000000000e+09 4.637980800000000000e+07
1.920128685999999902e+02 1.540618368000000000e+09 4.868808400000000000e+07
1.929427130000000261e+02 1.502262528000000000e+09 4.817566800000000000e+07
1.938725573999999767e+02 1.442973184000000000e+09 4.353644400000000000e+07
1.948024018000000126e+02 1.424295296000000000e+09 4.733243600000000000e+07
1.957322461999999916e+02 1.394336768000000000e+09 4.554638400000000000e+07
1.966620906000000275e+02 1.333721472000000000e+09 4.344546000000000000e+07
1.975919350000000065e+02 1.326453504000000000e+09 4.550980400000000000e+07
1.985217793999999856e+02 1.285272960000000000e+09 4.449837600000000000e+07
1.994516238000000214e+02 1.238431616000000000e+09 4.532331200000000000e+07
2.003814681999999721e+02 1.211759744000000000e+09 4.646819200000000000e+07
2.013113126000000079e+02 1.172620416000000000e+09 4.667034800000000000e+07
2.022411569999999870e+02 1.139617152000000000e+09 4.808727600000000000e+07
2.031710014000000228e+02 1.106112512000000000e+09 4.796780400000000000e+07
2.041008458000000019e+02 1.070697920000000000e+09 4.687141200000000000e+07
2.050306901999999809e+02 1.037714752000000000e+09 4.597626000000000000e+07
2.059605346000000168e+02 9.935507200000000000e+08 4.482118400000000000e+07
2.068903789999999674e+02 9.651128960000000000e+08 4.344366800000000000e+07
2.078202234000000033e+02 9.258119040000000000e+08 4.234080800000000000e+07
2.087500677999999823e+02 8.903414400000000000e+08 4.282430400000000000e+07
2.096799122000000182e+02 8.595214720000000000e+08 4.154321200000000000e+07
2.106097565999999972e+02 8.114144000000000000e+08 4.365042000000000000e+07
2.115396010000000331e+02 7.897855360000000000e+08 4.296936000000000000e+07
2.124694454000000121e+02 7.655676800000000000e+08 4.258772800000000000e+07
2.133992897999999627e+02 7.266248320000000000e+08 4.352681200000000000e+07
2.143291341999999986e+02 7.141852160000000000e+08 4.286136400000000000e+07
2.152589785999999776e+02 6.788087680000000000e+08 4.278489600000000000e+07
2.161888230000000135e+02 6.524103680000000000e+08 4.362906400000000000e+07
2.171186673999999925e+02 6.205949440000000000e+08 4.326412400000000000e+07
2.180485118000000284e+02 5.927013120000000000e+08 4.221392400000000000e+07
2.189783562000000074e+02 5.520577920000000000e+08 4.371844400000000000e+07
2.199082005999999581e+02 5.322614080000000000e+08 4.266793200000000000e+07
2.208380449999999939e+02 4.886782400000000000e+08 4.238518800000000000e+07
2.217678893999999730e+02 4.616496640000000000e+08 4.237410000000000000e+07
2.226977338000000088e+02 4.428996800000000000e+08 4.280224800000000000e+07
2.236275781999999879e+02 4.148180480000000000e+08 4.385434400000000000e+07
2.245574226000000237e+02 3.870207360000000000e+08 4.418052800000000000e+07
2.254872670000000028e+02 3.900280320000000000e+08 4.378300800000000000e+07
2.264171114000000387e+02 3.674859200000000000e+08 4.549693600000000000e+07
2.273469558000000177e+02 3.625930560000000000e+08 4.551513200000000000e+07
2.282768001999999683e+02 3.620565120000000000e+08 4.393673200000000000e+07
2.292066446000000042e+02 3.444775680000000000e+08 4.432925200000000000e+07
2.301364889999999832e+02 3.481359680000000000e+08 4.461519200000000000e+07
2.310663334000000191e+02 3.495243840000000000e+08 4.397526000000000000e+07
2.319961777999999981e+02 3.327334720000000000e+08 4.381304000000000000e+07
2.329260222000000340e+02 3.315494080000000000e+08 4.334236000000000000e+07
2.338558666000000130e+02 3.168810560000000000e+08 4.258733600000000000e+07
2.347857109999999636e+02 2.919440640000000000e+08 4.219929200000000000e+07
2.357155553999999995e+02 2.929224000000000000e+08 4.062840000000000000e+07
2.366453997999999785e+02 2.706904320000000000e+08 4.036644400000000000e+07
2.375752442000000144e+02 2.514085120000000000e+08 3.929878800000000000e+07
2.385050885999999934e+02 2.526485440000000000e+08 3.774035600000000000e+07
2.394349330000000293e+02 2.288369600000000000e+08 3.815766000000000000e+07
2.403647774000000084e+02 2.285164160000000000e+08 3.799526800000000000e+07
2.412946218000000442e+02 2.271571520000000000e+08 3.869700000000000000e+07
2.422244661999999948e+02 2.221021440000000000e+08 3.959618000000000000e+07
2.431543105999999739e+02 2.040242240000000000e+08 4.065312000000000000e+07
2.440841550000000097e+02 2.071526240000000000e+08 4.141645600000000000e+07
2.450139993999999888e+02 2.043872800000000000e+08 4.121542400000000000e+07
2.459438438000000247e+02 1.749686240000000000e+08 4.116877600000000000e+07
2.468736882000000037e+02 1.690880960000000000e+08 4.012628400000000000e+07
2.478035326000000396e+02 1.573816640000000000e+08 4.095128400000000000e+07
2.487333769999999902e+02 1.413326080000000000e+08 4.135594800000000000e+07
2.496632213999999692e+02 1.288104560000000000e+08 4.150862800000000000e+07
2.505930658000000051e+02 1.309087440000000000e+08 4.416481200000000000e+07
2.515229101999999841e+02 1.111375840000000000e+08 4.530646800000000000e+07
2.524527546000000200e+02 1.036967280000000000e+08 4.568935200000000000e+07
2.533825989999999990e+02 1.106373840000000000e+08 4.659503600000000000e+07
2.543124434000000349e+02 1.050171840000000000e+08 4.649260400000000000e+07
2.552422877999999855e+02 8.719976800000000000e+07 4.606618000000000000e+07
2.561721322000000214e+02 9.980632000000000000e+07 4.531274800000000000e+07
2.571019766000000004e+02 8.544694400000000000e+07 4.473152000000000000e+07
2.580318209999999794e+02 9.583729600000000000e+07 4.381426400000000000e+07
2.589616654000000153e+02 9.634520000000000000e+07 4.385424800000000000e+07
2.598915097999999944e+02 1.027243840000000000e+08 4.268421600000000000e+07
2.608213542000000302e+02 1.069609200000000000e+08 4.328479600000000000e+07
2.617511986000000093e+02 1.147521520000000000e+08 4.284861600000000000e+07
2.626810430000000451e+02 1.262313040000000000e+08 4.139287200000000000e+07
2.636108874000000242e+02 1.250537440000000000e+08 4.139658000000000000e+07
2.645407317999999464e+02 1.363458560000000000e+08 4.086782800000000000e+07
2.654705761999999822e+02 1.417907200000000000e+08 3.975707200000000000e+07
2.664004205999999613e+02 1.305428320000000000e+08 3.984930800000000000e+07
2.673302649999999971e+02 1.386610080000000000e+08 3.985042000000000000e+07
2.682601093999999762e+02 1.343677920000000000e+08 3.975868800000000000e+07
2.691899538000000121e+02 1.276410000000000000e+08 4.011469200000000000e+07
2.701197981999999911e+02 1.294135760000000000e+08 4.054583200000000000e+07
2.710496426000000270e+02 1.138084240000000000e+08 4.006991200000000000e+07
2.719794870000000060e+02 1.087132320000000000e+08 3.989472400000000000e+07
2.729093313999999850e+02 8.806688000000000000e+07 3.973388800000000000e+07
2.738391758000000209e+02 7.192853600000000000e+07 3.924442800000000000e+07
2.747690201999999999e+02 6.740341600000000000e+07 3.854316800000000000e+07
2.756988646000000358e+02 3.088326600000000000e+07 3.834142000000000000e+07
2.766287090000000148e+02 2.231766200000000000e+07 3.806318400000000000e+07
2.775585534000000507e+02 1.052987300000000000e+07 3.859493600000000000e+07
2.784883977999999729e+02 -1.953086200000000000e+07 3.856415600000000000e+07
2.794182421999999519e+02 -6.244742000000000000e+06 3.897004800000000000e+07
2.803480865999999878e+02 -9.864591875000000000e+05 3.992851600000000000e+07
2.812779309999999668e+02 -1.876287400000000000e+07 3.967849600000000000e+07
2.822077754000000027e+02 1.316640000000000000e+07 4.105408000000000000e+07
2.831376197999999818e+02 2.876342600000000000e+07 4.163710800000000000e+07
2.840674642000000176e+02 2.543714400000000000e+07 4.144297200000000000e+07
2.849973085999999967e+02 6.298879600000000000e+07 4.217160800000000000e+07
2.859271530000000325e+02 6.610603200000000000e+07 4.207006000000000000e+07
2.868569974000000116e+02 6.810907200000000000e+07 4.048503200000000000e+07
2.877868417999999906e+02 1.055285360000000000e+08 4.042084000000000000e+07
2.887166862000000265e+02 1.132109040000000000e+08 4.035012800000000000e+07
2.896465306000000055e+02 1.077178560000000000e+08 3.894965200000000000e+07
2.905763750000000414e+02 1.427192320000000000e+08 3.944480000000000000e+07
2.915062193999999636e+02 1.360672960000000000e+08 4.004343600000000000e+07
2.924360638000000563e+02 1.425265600000000000e+08 4.002520000000000000e+07
2.933659081999999785e+02 1.579361440000000000e+08 4.040637600000000000e+07
2.942957525999999575e+02 1.443039040000000000e+08 4.020687600000000000e+07
2.952255969999999934e+02 1.331413920000000000e+08 4.020827200000000000e+07
2.961554413999999724e+02 1.384393280000000000e+08 3.989511600000000000e+07
2.970852858000000083e+02 1.222113200000000000e+08 3.840518400000000000e+07
2.980151301999999873e+02 1.052270560000000000e+08 3.784113600000000000e+07
2.989449746000000232e+02 1.117524480000000000e+08 3.662360000000000000e+07
2.998748190000000022e+02 8.769140800000000000e+07 3.562653200000000000e+07
3.008046634000000381e+02 7.682442400000000000e+07 3.561495200000000000e+07
3.017345078000000171e+02 6.951281600000000000e+07 3.550994400000000000e+07
3.026643521999999962e+02 5.458471600000000000e+07 3.654612400000000000e+07
3.035941966000000320e+02 3.252002000000000000e+07 3.725058000000000000e+07
3.045240409999999542e+02 4.108361200000000000e+07 3.823462000000000000e+07
3.054538854000000470e+02 1.361700800000000000e+07 3.905062800000000000e+07
3.063837297999999691e+02 4.178306250000000000e+06 3.985962000000000000e+07
3.073135742000000050e+02 8.930293000000000000e+06 3.873830800000000000e+07
3.082434185999999841e+02 -2.741753500000000000e+06 3.871942400000000000e+07
3.091732629999999631e+02 -1.382992700000000000e+07 3.841690800000000000e+07
3.101031073999999990e+02 -8.738865000000000000e+05 3.721826400000000000e+07
3.110329517999999780e+02 -1.219649000000000000e+06 3.762704000000000000e+07
3.119627962000000139e+02 -1.530458900000000000e+07 3.777092800000000000e+07
3.128926405999999929e+02 4.363552000000000000e+06 3.651552000000000000e+07
3.138224850000000288e+02 2.619102250000000000e+06 3.570681600000000000e+07
3.147523294000000078e+02 -3.373091750000000000e+06 3.601702400000000000e+07
3.156821738000000437e+02 1.899705625000000000e+06 3.455700000000000000e+07
3.166120182000000227e+02 -1.042458625000000000e+06 3.539333200000000000e+07
3.175418625999999449e+02 -3.183182500000000000e+06 3.592595200000000000e+07
3.184717070000000376e+02 1.401994100000000000e+07 3.528825600000000000e+07
3.194015513999999598e+02 8.266326000000000000e+06 3.572723600000000000e+07
3.203313957999999957e+02 1.329524800000000000e+07 3.555799600000000000e+07
3.212612401999999747e+02 1.260853300000000000e+07 3.465630800000000000e+07
3.221910845999999538e+02 3.068041400000000000e+07 3.540254800000000000e+07
3.231209289999999896e+02 2.250605000000000000e+07 3.496533200000000000e+07
3.240507734000000255e+02 2.911539000000000000e+07 3.496056400000000000e+07
3.249806178000000045e+02 4.939705600000000000e+07 3.597158400000000000e+07
3.259104621999999836e+02 4.695119200000000000e+07 3.631120400000000000e+07
3.268403066000000194e+02 5.293779200000000000e+07 3.669369600000000000e+07
3.277701509999999985e+02 5.272570400000000000e+07 3.713440800000000000e+07
3.286999954000000344e+02 5.916728000000000000e+07 3.863144000000000000e+07
3.296298398000000134e+02 6.431652800000000000e+07 3.815219200000000000e+07
3.305596841999999924e+02 6.166568800000000000e+07 3.885394400000000000e+07
3.314895286000000283e+02 4.103898000000000000e+07 3.913312800000000000e+07
3.324193730000000642e+02 6.383652800000000000e+07 3.939347600000000000e+07
3.333492173999999864e+02 5.678889600000000000e+07 3.936274800000000000e+07
3.342790617999999654e+02 3.331529800000000000e+07 3.998975600000000000e+07
3.352089062000000013e+02 5.148085600000000000e+07 4.041432000000000000e+07
3.361387505999999803e+02 4.612089600000000000e+07 3.969737600000000000e+07
3.370685950000000162e+02 2.923924600000000000e+07 3.995883200000000000e+07
3.379984393999999952e+02 3.042243200000000000e+07 3.905560000000000000e+07
3.389282837999999742e+02 3.901082400000000000e+07 3.867886800000000000e+07
3.398581282000000101e+02 1.708160600000000000e+07 3.840712400000000000e+07
3.407879726000000460e+02 2.098101800000000000e+07 3.685963600000000000e+07
3.417178170000000250e+02 3.127519600000000000e+07 3.631658000000000000e+07
3.426476614000000041e+02 6.027049000000000000e+06 3.572232000000000000e+07
3.435775057999999831e+02 1.099629000000000000e+07 3.538254400000000000e+07
3.445073502000000190e+02 1.897132200000000000e+07 3.471248000000000000e+07
3.454371946000000548e+02 1.456365125000000000e+06 3.459332800000000000e+07
3.463670389999999770e+02 1.178308000000000000e+07 3.561863200000000000e+07
3.472968833999999561e+02 1.486560900000000000e+07 3.546364400000000000e+07
3.482267277999999919e+02 7.490973500000000000e+06 3.600987600000000000e+07
3.491565721999999710e+02 1.951611600000000000e+07 3.577284800000000000e+07
3.500864166000000068e+02 9.144274000000000000e+06 3.561722000000000000e+07
3.510162609999999859e+02 7.089044500000000000e+06 3.609234800000000000e+07
3.519461053999999649e+02 5.659713000000000000e+06 3.516316800000000000e+07
3.528759498000000008e+02 -3.897027750000000000e+06 3.596274400000000000e+07
3.538057942000000367e+02 -6.636606000000000000e+06 3.646816400000000000e+07
3.547356386000000157e+02 -4.610804500000000000e+06 3.571122000000000000e+07
3.556654829999999947e+02 -4.104744500000000000e+06 3.627022000000000000e+07
3.565953274000000306e+02 -4.553021000000000000e+06 3.658634000000000000e+07
3.575251718000000096e+02 1.168595400000000000e+07 3.509268400000000000e+07
3.584550162000000455e+02 1.068140000000000000e+07 3.562488800000000000e+07
3.593848605999999677e+02 1.737662400000000000e+07 3.488920000000000000e+07
3.603147049999999467e+02 2.711593200000000000e+07 3.524076000000000000e+07
3.612445493999999826e+02 2.840422000000000000e+07 3.499829600000000000e+07
3.621743938000000185e+02 2.556734200000000000e+07 3.543360800000000000e+07
3.631042381999999975e+02 2.671903600000000000e+07 3.593469200000000000e+07
3.640340825999999765e+02 1.227485700000000000e+07 3.603428800000000000e+07
3.649639270000000124e+02 7.066163000000000000e+06 3.553243600000000000e+07
3.658937713999999914e+02 -9.196514000000000000e+06 3.542340800000000000e+07
3.668236158000000273e+02 -1.414957500000000000e+07 3.469364400000000000e+07
3.677534602000000064e+02 -3.117990200000000000e+07 3.450960000000000000e+07
3.686833045999999854e+02 -3.188104800000000000e+07 3.436192000000000000e+07
3.696131490000000213e+02 -3.674285200000000000e+07 3.477045200000000000e+07
3.705429934000000571e+02 -5.244498000000000000e+07 3.517870000000000000e+07
3.714728378000000362e+02 -4.937554400000000000e+07 3.562155600000000000e+07
3.724026821999999584e+02 -4.977492400000000000e+07 3.576566000000000000e+07
3.733325265999999374e+02 -5.693790800000000000e+07 3.699169600000000000e+07
3.742623709999999733e+02 -5.541980800000000000e+07 3.707765200000000000e+07
3.751922154000000091e+02 -3.560908800000000000e+07 3.793246000000000000e+07
3.761220597999999882e+02 -3.315202000000000000e+07 3.844602400000000000e+07
3.770519041999999672e+02 -2.032729600000000000e+07 3.875202400000000000e+07
3.779817486000000031e+02 3.855628750000000000e+06 3.889392000000000000e+07
3.789115929999999821e+02 1.698550400000000000e+07 3.869300000000000000e+07
3.798414374000000180e+02 2.941320400000000000e+07 3.899786800000000000e+07
3.807712817999999970e+02 4.172760800000000000e+07 3.868800800000000000e+07
3.817011261999999761e+02 4.972231200000000000e+07 3.882007200000000000e+07
3.826309706000000119e+02 3.414842400000000000e+07 3.910552800000000000e+07
3.835608150000000478e+02 3.412107200000000000e+07 3.931356000000000000e+07
3.844906594000000268e+02 1.293656500000000000e+07 3.867887600000000000e+07
3.854205038000000059e+02 8.933961000000000000e+06 3.922204000000000000e+07
3.863503482000000417e+02 -9.546769000000000000e+06 3.878770800000000000e+07
3.872801925999999639e+02 -1.971816600000000000e+07 3.847308800000000000e+07
3.882100369999999998e+02 -2.203675400000000000e+07 3.792524000000000000e+07
3.891398813999999788e+02 -2.096400600000000000e+07 3.696125200000000000e+07
3.900697257999999579e+02 -1.540406200000000000e+07 3.690085600000000000e+07
3.909995701999999937e+02 -1.935080600000000000e+07 3.670238400000000000e+07
3.919294146000000296e+02 -8.519596000000000000e+06 3.578086400000000000e+07
3.928592590000000087e+02 5.461022500000000000e+06 3.610139200000000000e+07
3.937891033999999877e+02 8.371327500000000000e+06 3.637831600000000000e+07
3.947189478000000236e+02 4.785798000000000000e+06 3.681294800000000000e+07
3.956487922000000026e+02 2.840165000000000000e+07 3.650783600000000000e+07
3.965786366000000385e+02 2.235011200000000000e+07 3.734344000000000000e+07
3.975084810000000175e+02 1.756704200000000000e+07 3.779069200000000000e+07
3.984383253999999965e+02 3.807518000000000000e+07 3.683520800000000000e+07
3.993681698000000324e+02 3.751231600000000000e+07 3.724448800000000000e+07
4.002980142000000683e+02 2.125848400000000000e+07 3.714790400000000000e+07
4.012278585999999905e+02 4.583832000000000000e+07 3.692596400000000000e+07
4.021577029999999695e+02 3.776636800000000000e+07 3.726599600000000000e+07
4.030875473999999485e+02 2.819067400000000000e+07 3.728809200000000000e+07
4.040173917999999844e+02 2.930229000000000000e+07 3.752175600000000000e+07
4.049472362000000203e+02 2.487208800000000000e+07 3.766130000000000000e+07
4.058770805999999993e+02 2.211766800000000000e+07 3.781202000000000000e+07
4.068069249999999784e+02 8.165871500000000000e+06 3.752246000000000000e+07
4.077367694000000142e+02 8.831833000000000000e+06 3.814965200000000000e+07
4.086666137999999933e+02 7.879519500000000000e+06 3.764676800000000000e+07
4.095964582000000291e+02 3.447682187500000000e+05 3.818991200000000000e+07
4.105263026000000082e+02 -1.378279875000000000e+06 3.854398000000000000e+07
4.114561469999999872e+02 8.547317000000000000e+06 3.868882800000000000e+07
4.123859914000000231e+02 -5.991352000000000000e+06 3.923219200000000000e+07
4.133158358000000590e+02 7.261042500000000000e+06 3.935542000000000000e+07
4.142456801999999811e+02 1.335382600000000000e+07 3.836514400000000000e+07
4.151755245999999602e+02 1.629629300000000000e+07 3.829024400000000000e+07
4.161053689999999960e+02 1.773126400000000000e+07 3.767856000000000000e+07
4.170352133999999751e+02 2.261529600000000000e+07 3.625891200000000000e+07
4.179650578000000110e+02 2.706216600000000000e+07 3.588966800000000000e+07
4.188949021999999900e+02 1.720619000000000000e+07 3.535646000000000000e+07
4.198247465999999690e+02 2.252394800000000000e+07 3.395420400000000000e+07
4.207545910000000049e+02 8.914448000000000000e+06 3.367872400000000000e+07
4.216844354000000408e+02 4.772407500000000000e+06 3.292063000000000000e+07
4.226142798000000198e+02 -5.779913500000000000e+06 3.207207800000000000e+07
4.235441241999999988e+02 -6.334882000000000000e+06 3.123628400000000000e+07
4.244739686000000347e+02 -2.670275600000000000e+07 3.129732200000000000e+07
4.254038130000000137e+02 -1.947594200000000000e+07 3.050193800000000000e+07
4.263336574000000496e+02 -1.570961200000000000e+07 3.109071600000000000e+07
4.272635018000000287e+02 -1.699636400000000000e+07 3.139204000000000000e+07
4.281933461999999508e+02 -2.897658250000000000e+06 3.233103800000000000e+07
4.291231905999999867e+02 1.223220200000000000e+07 3.287475000000000000e+07
4.300530350000000226e+02 1.447751500000000000e+07 3.407937600000000000e+07
4.309828794000000016e+02 2.169212000000000000e+07 3.516509600000000000e+07
4.319127237999999807e+02 3.822065600000000000e+07 3.554933600000000000e+07
4.328425681999999597e+02 2.110338600000000000e+07 3.627568800000000000e+07
4.337724125999999956e+02 3.272510600000000000e+07 3.630537200000000000e+07
4.347022570000000314e+02 2.547266600000000000e+07 3.554050400000000000e+07
4.356321014000000105e+02 9.069736000000000000e+06 3.538097200000000000e+07
4.365619457999999895e+02 1.102445800000000000e+07 3.470112000000000000e+07
4.374917902000000254e+02 -2.011732625000000000e+06 3.415326400000000000e+07
4.384216346000000044e+02 -5.718599000000000000e+06 3.320471400000000000e+07
4.393514790000000403e+02 -3.306002000000000000e+06 3.282366200000000000e+07
4.402813234000000193e+02 -9.654224000000000000e+06 3.300006600000000000e+07
4.412111677999999415e+02 9.178050000000000000e+05 3.302649400000000000e+07
4.421410121999999774e+02 9.178387000000000000e+06 3.306327400000000000e+07
4.430708566000000133e+02 1.036653500000000000e+07 3.404442800000000000e+07
4.440007009999999923e+02 3.597234800000000000e+07 3.381174400000000000e+07
4.449305453999999713e+02 2.736574600000000000e+07 3.450096000000000000e+07
4.458603898000000072e+02 3.585962400000000000e+07 3.429399200000000000e+07
4.467902341999999862e+02 5.280712000000000000e+07 3.227277400000000000e+07
4.477200786000000221e+02 3.349963400000000000e+07 3.316062000000000000e+07
4.486499230000000011e+02 3.010233400000000000e+07 3.312914000000000000e+07
4.495797673999999802e+02 3.458889200000000000e+07 3.216991800000000000e+07
4.505096118000000160e+02 1.876175800000000000e+07 3.319894000000000000e+07
4.514394562000000519e+02 1.705425000000000000e+07 3.357216800000000000e+07
4.523693006000000310e+02 1.654061700000000000e+07 3.320472400000000000e+07
4.532991450000000100e+02 4.713821500000000000e+06 3.343509800000000000e+07
4.542289894000000459e+02 1.084346000000000000e+07 3.374739200000000000e+07
4.551588337999999681e+02 1.256571400000000000e+07 3.368805200000000000e+07
4.560886782000000039e+02 1.136793500000000000e+07 3.409776000000000000e+07
4.570185225999999830e+02 1.313337900000000000e+07 3.483172400000000000e+07
4.579483669999999620e+02 1.301671300000000000e+07 3.545465600000000000e+07
4.588782113999999979e+02 7.409663500000000000e+06 3.528925200000000000e+07
4.598080558000000337e+02 8.897333000000000000e+06 3.597946800000000000e+07
4.607379002000000128e+02 5.038841000000000000e+06 3.548160800000000000e+07
4.616677445999999918e+02 -3.642526500000000000e+06 3.524940000000000000e+07
4.625975889999999708e+02 -7.140255500000000000e+06 3.477819600000000000e+07
4.635274334000000067e+02 4.352470625000000000e+05 3.380137200000000000e+07
4.644572778000000426e+02 -1.778087200000000000e+07 3.398020400000000000e+07
4.653871222000000216e+02 -1.470551500000000000e+07 3.329621000000000000e+07
4.663169666000000007e+02 -8.872913000000000000e+06 3.277169200000000000e+07
4.672468110000000365e+02 -1.390676300000000000e+07 3.403377600000000000e+07
4.681766553999999587e+02 -9.522781000000000000e+06 3.354070400000000000e+07
4.691064997999999946e+02 -8.653114000000000000e+06 3.340165200000000000e+07
4.700363441999999736e+02 -9.536368000000000000e+06 3.360871200000000000e+07
4.709661885999999527e+02 -5.132645000000000000e+06 3.397090000000000000e+07
4.718960329999999885e+02 4.331063000000000000e+06 3.432262000000000000e+07
4.728258774000000244e+02 -5.017283500000000000e+06 3.446412800000000000e+07
4.737557218000000034e+02 4.269064500000000000e+06 3.476746800000000000e+07
4.746855661999999825e+02 3.383791500000000000e+06 3.533717200000000000e+07
4.756154106000000183e+02 1.347165875000000000e+06 3.513035600000000000e+07
4.765452549999999974e+02 7.693407000000000000e+06 3.436277600000000000e+07
4.774750994000000333e+02 4.328588500000000000e+06 3.458092800000000000e+07
4.784049438000000123e+02 1.084015200000000000e+07 3.442073600000000000e+07
4.793347881999999913e+02 8.093430500000000000e+06 3.301991400000000000e+07
4.802646326000000272e+02 9.627794000000000000e+06 3.324099800000000000e+07
4.811944770000000631e+02 1.010508300000000000e+07 3.339591400000000000e+07
4.821243214000000421e+02 2.399614250000000000e+06 3.238843200000000000e+07
4.830541657999999643e+02 2.539320800000000000e+07 3.287519400000000000e+07
4.839840102000000002e+02 1.478309000000000000e+07 3.300126400000000000e+07
4.849138545999999792e+02 1.276995800000000000e+07 3.267543600000000000e+07
4.858436990000000151e+02 2.532304400000000000e+07 3.346785200000000000e+07
4.867735433999999941e+02 2.045999800000000000e+07 3.334270800000000000e+07
4.877033877999999731e+02 2.250105600000000000e+07 3.386866400000000000e+07
4.886332322000000090e+02 1.885260800000000000e+07 3.433072000000000000e+07
4.895630766000000449e+02 1.112052700000000000e+07 3.407818400000000000e+07
4.904929210000000239e+02 1.743811600000000000e+07 3.423138400000000000e+07
4.914227654000000030e+02 3.707063250000000000e+06 3.410202000000000000e+07
4.923526097999999820e+02 8.398101000000000000e+06 3.408183200000000000e+07
4.932824542000000179e+02 5.757702000000000000e+06 3.302404600000000000e+07
4.942122986000000537e+02 -9.296589000000000000e+06 3.223720000000000000e+07
4.951421430000000328e+02 -2.148673906250000000e+05 3.236242400000000000e+07
4.960719873999999550e+02 -2.691666750000000000e+06 3.210847200000000000e+07
4.970018317999999908e+02 -1.392172000000000000e+07 3.184715000000000000e+07
4.979316761999999699e+02 -4.938699500000000000e+06 3.288063200000000000e+07
4.988615206000000057e+02 -1.522896200000000000e+07 3.328573800000000000e+07
4.997913649999999848e+02 -1.187694500000000000e+07 3.359488800000000000e+07
5.007212093999999638e+02 -1.470622300000000000e+07 3.442848400000000000e+07
5.016510537999999997e+02 -1.942513600000000000e+07 3.422853600000000000e+07
5.025808982000000356e+02 -2.128489200000000000e+07 3.424250800000000000e+07
5.035107426000000146e+02 -1.533319000000000000e+07 3.466584800000000000e+07
5.044405869999999936e+02 -7.660712000000000000e+06 3.420407600000000000e+07
5.053704314000000295e+02 -1.224051200000000000e+07 3.423934400000000000e+07
5.063002758000000085e+02 9.722738000000000000e+06 3.431451600000000000e+07
5.072301202000000444e+02 9.053021000000000000e+06 3.474945200000000000e+07
5.081599646000000234e+02 1.248041700000000000e+07 3.520716400000000000e+07
5.090898089999999456e+02 2.345729800000000000e+07 3.462919600000000000e+07
5.100196533999999815e+02 1.785495800000000000e+07 3.449685200000000000e+07
5.109494978000000174e+02 7.925654000000000000e+06 3.413480800000000000e+07
5.118793421999999964e+02 1.533578600000000000e+07 3.277596200000000000e+07
5.128091865999999754e+02 7.947925625000000000e+05 3.246580600000000000e+07
5.137390310000000682e+02 -9.532788000000000000e+06 3.249730400000000000e+07
5.146688754000000472e+02 -1.029714600000000000e+07 3.220011200000000000e+07
5.155987198000000262e+02 -1.843499800000000000e+07 3.274156800000000000e+07
5.165285642000000053e+02 -2.872276600000000000e+07 3.338664200000000000e+07
5.174584085999999843e+02 -2.622191600000000000e+07 3.290186600000000000e+07
5.183882529999999633e+02 -2.550759800000000000e+07 3.362116800000000000e+07
5.193180974000000560e+02 -2.226989200000000000e+07 3.370673200000000000e+07
5.202479418000000351e+02 -1.654716100000000000e+07 3.249867200000000000e+07
5.211777862000000141e+02 -8.365528500000000000e+06 3.325809200000000000e+07
5.221076305999999931e+02 -2.081867125000000000e+06 3.371587600000000000e+07
5.230374749999999722e+02 8.720316000000000000e+06 3.281703600000000000e+07
5.239673194000000649e+02 1.328907900000000000e+07 3.373957600000000000e+07
5.248971638000000439e+02 1.165190500000000000e+07 3.456411600000000000e+07
5.258270082000000230e+02 1.704114200000000000e+07 3.423168000000000000e+07
5.267568526000000020e+02 2.010914200000000000e+07 3.452513200000000000e+07
5.276866969999999810e+02 1.212445800000000000e+07 3.451838800000000000e+07
5.286165414000000737e+02 1.410334800000000000e+07 3.429333200000000000e+07
5.295463857999999391e+02 1.394443900000000000e+07 3.405859200000000000e+07
5.304762301999999181e+02 7.206405500000000000e+06 3.388190000000000000e+07
5.314060746000000108e+02 3.572735250000000000e+06 3.376803200000000000e+07
5.323359189999999899e+02 -3.294515000000000000e+05 3.357570000000000000e+07
5.332657633999999689e+02 -1.583299900000000000e+07 3.350662400000000000e+07
5.341956077999999479e+02 -7.921565500000000000e+06 3.440094400000000000e+07
5.351254522000000406e+02 -1.906831200000000000e+07 3.388156800000000000e+07
5.360552966000000197e+02 -1.403531700000000000e+07 3.386007600000000000e+07
5.369851409999999987e+02 -2.198401600000000000e+07 3.402010800000000000e+07
5.379149853999999777e+02 -1.687243600000000000e+07 3.346851600000000000e+07
5.388448297999999568e+02 -1.772267600000000000e+07 3.351009800000000000e+07
5.397746742000000495e+02 -1.476610300000000000e+07 3.372353600000000000e+07
5.407045186000000285e+02 -1.539463200000000000e+07 3.345631200000000000e+07
5.416343630000000076e+02 -7.190673000000000000e+06 3.431894400000000000e+07
5.425642073999999866e+02 -1.164217400000000000e+07 3.441159200000000000e+07
5.434940518000000793e+02 -1.254590875000000000e+06 3.414120000000000000e+07
5.444238961999999447e+02 -3.796670312500000000e+05 3.405024000000000000e+07
5.453537406000000374e+02 1.236193600000000000e+07 3.368890000000000000e+07
5.462835850000000164e+02 1.414583300000000000e+07 3.207504400000000000e+07
5.472134293999999954e+02 1.311227100000000000e+07 3.188556000000000000e+07
5.481432737999999745e+02 1.661405600000000000e+07 3.107752000000000000e+07
5.490731182000000672e+02 1.906862400000000000e+07 3.069074200000000000e+07
5.500029626000000462e+02 2.086774800000000000e+07 3.066021200000000000e+07
5.509328070000000253e+02 1.748066600000000000e+07 3.116035400000000000e+07
5.518626514000000043e+02 2.130931600000000000e+07 3.100048200000000000e+07
5.527924957999999833e+02 2.181356400000000000e+07 3.156173200000000000e+07
5.537223402000000760e+02 1.838838800000000000e+07 3.203686800000000000e+07
5.546521846000000551e+02 1.395913400000000000e+07 3.174227200000000000e+07
5.555820289999999204e+02 2.551241000000000000e+07 3.223412000000000000e+07
5.565118734000000131e+02 1.701225600000000000e+07 3.262602000000000000e+07
5.574417177999999922e+02 1.987404800000000000e+07 3.180245200000000000e+07
5.583715621999999712e+02 2.206755000000000000e+07 3.194083800000000000e+07
5.593014065999999502e+02 2.568514200000000000e+07 3.213400000000000000e+07
5.602312509999999293e+02 1.847717400000000000e+07 3.123621200000000000e+07
5.611610954000000220e+02 1.676086200000000000e+07 3.189484600000000000e+07
5.620909398000000010e+02 2.245423000000000000e+07 3.221516000000000000e+07
5.630207841999999800e+02 1.746856400000000000e+07 3.280483000000000000e+07
5.639506285999999591e+02 1.341536500000000000e+06 3.280971000000000000e+07
5.648804730000000518e+02 7.197641000000000000e+06 3.295830400000000000e+07
5.658103174000000308e+02 8.139355000000000000e+06 3.358024800000000000e+07
5.667401618000000099e+02 -4.999722500000000000e+06 3.327535200000000000e+07
5.676700061999999889e+02 -1.003103800000000000e+07 3.344983800000000000e+07
5.685998505999999679e+02 -4.526522000000000000e+06 3.281457400000000000e+07
5.695296950000000606e+02 -2.107450800000000000e+07 3.322377800000000000e+07
5.704595394000000397e+02 -1.158573000000000000e+07 3.279739000000000000e+07
5.713893838000000187e+02 -1.830137200000000000e+07 3.265026400000000000e+07
5.723192281999999977e+02 -1.730287800000000000e+07 3.258187800000000000e+07
5.732490725999999768e+02 -2.256969000000000000e+07 3.237253600000000000e+07
5.741789169999999558e+02 -1.783681200000000000e+07 3.244708600000000000e+07
5.751087614000000485e+02 -3.164933600000000000e+07 3.262798000000000000e+07
5.760386058000000276e+02 -2.849588000000000000e+07 3.261427000000000000e+07
5.769684502000000066e+02 -2.747415200000000000e+07 3.231581400000000000e+07
5.778982945999999856e+02 -3.209507200000000000e+07 3.206210200000000000e+07
5.788281390000000783e+02 -3.054601600000000000e+07 3.208111400000000000e+07
5.797579834000000574e+02 -3.372886000000000000e+07 3.165214000000000000e+07
5.806878278000000364e+02 -2.229135200000000000e+07 3.157181200000000000e+07
5.816176721999999017e+02 -2.721365400000000000e+07 3.171331000000000000e+07
5.825475165999999945e+02 -1.617186900000000000e+07 3.149166600000000000e+07
5.834773610000000872e+02 -1.173851100000000000e+07 3.193785400000000000e+07
5.844072053999999525e+02 -8.166417000000000000e+06 3.163465800000000000e+07
5.853370497999999316e+02 6.948260000000000000e+06 3.184914200000000000e+07
5.862668942000000243e+02 1.573053400000000000e+07 3.191062400000000000e+07
5.871967386000000033e+02 1.002555800000000000e+07 3.212041400000000000e+07
5.881265829999999823e+02 3.093048800000000000e+07 3.175347400000000000e+07
5.890564273999999614e+02 2.706875400000000000e+07 3.118707800000000000e+07
5.899862717999999404e+02 1.025033300000000000e+07 3.147800600000000000e+07
5.909161162000000331e+02 1.953015400000000000e+07 3.122244200000000000e+07
5.918459606000000122e+02 3.918121750000000000e+06 3.098689600000000000e+07
5.927758049999999912e+02 -1.345497100000000000e+07 3.120162000000000000e+07
5.937056493999999702e+02 -2.512936400000000000e+07 3.181530400000000000e+07
5.946354938000000629e+02 -3.412231600000000000e+07 3.154737400000000000e+07
5.955653382000000420e+02 -5.096505600000000000e+07 3.222607600000000000e+07
5.964951826000000210e+02 -5.098734800000000000e+07 3.283362200000000000e+07
5.974250270000000000e+02 -5.042292000000000000e+07 3.296783000000000000e+07
5.983548713999999791e+02 -4.949546400000000000e+07 3.341209000000000000e+07
5.992847157999999581e+02 -4.022244400000000000e+07 3.340377400000000000e+07
6.002145602000000508e+02 -3.776774800000000000e+07 3.328700800000000000e+07
6.011444046000000299e+02 -1.840660200000000000e+07 3.318274800000000000e+07
6.020742490000000089e+02 -8.119249500000000000e+06 3.238826600000000000e+07
6.030040933999999879e+02 -6.839321000000000000e+06 3.289218200000000000e+07
6.039339377999999670e+02 5.827397000000000000e+06 3.198342600000000000e+07
6.048637822000000597e+02 1.287885700000000000e+07 3.205197000000000000e+07
6.057936266000000387e+02 1.582991700000000000e+07 3.269489400000000000e+07
6.067234710000000177e+02 1.679399400000000000e+07 3.285959600000000000e+07
6.076533153999999968e+02 1.695297800000000000e+07 3.285449800000000000e+07
6.085831598000000895e+02 1.225814000000000000e+07 3.267162400000000000e+07
6.095130042000000685e+02 6.064850000000000000e+06 3.290405800000000000e+07
6.104428485999999339e+02 7.265153125000000000e+05 3.224837200000000000e+07
6.113726929999999129e+02 -1.581864900000000000e+07 3.223035600000000000e+07
6.123025374000000056e+02 -2.263458000000000000e+07 3.156628000000000000e+07
6.132323817999999847e+02 -2.953918200000000000e+07 3.127450600000000000e+07
6.141622261999999637e+02 -4.136607200000000000e+07 3.123350200000000000e+07
6.150920705999999427e+02 -3.193644000000000000e+07 3.114177400000000000e+07
6.160219150000000354e+02 -3.524877600000000000e+07 3.072076600000000000e+07
6.169517594000000145e+02 -2.851847000000000000e+07 3.101615200000000000e+07
6.178816037999999935e+02 -1.089256500000000000e+07 3.062468400000000000e+07
6.188114481999999725e+02 -5.962851500000000000e+06 3.051971200000000000e+07
6.197412925999999516e+02 1.351868750000000000e+06 3.084835200000000000e+07
6.206711370000000443e+02 1.199280100000000000e+07 3.078084600000000000e+07
6.216009814000000233e+02 1.705543000000000000e+07 3.007197600000000000e+07
6.225308258000000023e+02 1.194132500000000000e+07 3.022175600000000000e+07
6.234606701999999814e+02 1.159566200000000000e+07 2.979814200000000000e+07
6.243905146000000741e+02 2.776839250000000000e+06 2.899895000000000000e+07
6.253203589999999394e+02 -2.435495000000000000e+06 2.872228400000000000e+07
6.262502034000000322e+02 -6.076388000000000000e+06 2.848368800000000000e+07
6.271800478000000112e+02 -3.392812000000000000e+06 2.835885600000000000e+07
6.281098921999999902e+02 -9.107107000000000000e+06 2.820450600000000000e+07
6.290397365999999693e+02 -1.346732400000000000e+07 2.822171600000000000e+07
6.299695810000000620e+02 1.113465000000000000e+06 2.864640000000000000e+07
6.308994254000000410e+02 5.725148125000000000e+05 2.891669000000000000e+07
6.318292698000000200e+02 -7.655512000000000000e+06 2.907496800000000000e+07
6.327591141999999991e+02 1.059244600000000000e+07 2.966538200000000000e+07
6.336889585999999781e+02 3.682257000000000000e+06 2.961874600000000000e+07
6.346188030000000708e+02 5.154208500000000000e+06 3.029185400000000000e+07
6.355486474000000499e+02 1.446004400000000000e+07 3.021596800000000000e+07
6.364784917999999152e+02 6.209706000000000000e+06 2.995291200000000000e+07
6.374083362000000079e+02 1.333754100000000000e+07 2.989454000000000000e+07
6.383381806000001006e+02 1.108183000000000000e+07 2.979572400000000000e+07
6.392680249999999660e+02 8.643217000000000000e+06 2.950366000000000000e+07
6.401978693999999450e+02 1.054217600000000000e+07 2.945831600000000000e+07
6.411277137999999240e+02 4.716487500000000000e+06 2.903440800000000000e+07
6.420575581999999031e+02 1.514710500000000000e+06 2.988045200000000000e+07
6.429874025999999958e+02 -2.034936562500000000e+05 3.067586600000000000e+07
6.439172469999999748e+02 -6.992737000000000000e+06 3.095990200000000000e+07
6.448470913999999539e+02 -8.221914000000000000e+06 3.191175200000000000e+07
6.457769358000000466e+02 -9.512577000000000000e+06 3.227975600000000000e+07
6.467067801999999119e+02 -1.125331700000000000e+07 3.164635800000000000e+07
6.476366246000000046e+02 -9.736307000000000000e+06 3.190373200000000000e+07
6.485664689999999837e+02 -1.339702500000000000e+07 3.119267000000000000e+07
6.494963133999999627e+02 -1.379665000000000000e+07 3.105586400000000000e+07
6.504261578000000554e+02 -1.289840600000000000e+07 3.070336200000000000e+07
6.513560021999999208e+02 -3.274226000000000000e+06 3.049289400000000000e+07
6.522858466000000135e+02 -1.358744600000000000e+07 3.011190000000000000e+07
6.532156910000001062e+02 -8.775596875000000000e+05 2.987596000000000000e+07
6.541455353999999716e+02 7.141703500000000000e+06 2.995345600000000000e+07
6.550753798000000643e+02 1.162602100000000000e+07 3.006896600000000000e+07
6.560052241999999296e+02 1.778035400000000000e+07 3.009074800000000000e+07
6.569350686000000223e+02 2.161847400000000000e+07 3.061458600000000000e+07
6.578649130000001151e+02 2.168357800000000000e+07 3.080404600000000000e+07
6.587947573999999804e+02 4.584013200000000000e+07 3.096253200000000000e+07
6.597246018000000731e+02 2.369637400000000000e+07 3.140285400000000000e+07
6.606544462000000522e+02 2.278399400000000000e+07 3.117921200000000000e+07
6.615842906000000312e+02 2.321663000000000000e+07 3.073902200000000000e+07
6.625141350000001239e+02 9.859182000000000000e+06 3.109118400000000000e+07
6.634439793999998756e+02 -7.371973000000000000e+06 3.066568400000000000e+07
6.643738238000000820e+02 2.380595750000000000e+06 3.052414000000000000e+07
6.653036681999999473e+02 -1.751512800000000000e+07 3.035677200000000000e+07
6.662335125999999264e+02 -2.504612400000000000e+07 3.024646600000000000e+07
6.671633570000001328e+02 -3.711912000000000000e+06 3.031002600000000000e+07
6.680932013999998844e+02 -2.250053400000000000e+07 2.986646600000000000e+07
6.690230457999999771e+02 -7.963372500000000000e+06 3.047360800000000000e+07
6.699528902000001835e+02 -1.152447900000000000e+07 3.020032400000000000e+07
6.708827345999999352e+02 -1.512614900000000000e+07 3.031905000000000000e+07
6.718125790000000279e+02 -1.310485875000000000e+06 3.063193600000000000e+07
6.727424233999998933e+02 -7.741293000000000000e+06 3.067671800000000000e+07
6.736722677999999860e+02 -1.449833500000000000e+07 3.036786600000000000e+07
6.746021122000000787e+02 2.864219500000000000e+06 3.022295400000000000e+07
6.755319565999999440e+02 -6.699441500000000000e+06 2.970160600000000000e+07
6.764618010000000368e+02 -8.755452000000000000e+06 2.938258200000000000e+07
6.773916453999999021e+02 8.027107000000000000e+06 2.853342000000000000e+07
6.783214897999999948e+02 -1.182955125000000000e+06 2.872223400000000000e+07
6.792513342000000875e+02 -1.804398500000000000e+06 2.870094400000000000e+07
6.801811785999999529e+02 3.735278750000000000e+06 2.848029400000000000e+07
6.811110230000000456e+02 -7.166140000000000000e+06 2.883787000000000000e+07
6.820408674000000246e+02 -1.496919300000000000e+07 2.916294800000000000e+07
6.829707118000000037e+02 -1.302157200000000000e+07 2.902821400000000000e+07
6.839005562000000964e+02 -2.992959800000000000e+07 2.925583600000000000e+07
6.848304005999999617e+02 -2.492540800000000000e+07 2.955587200000000000e+07
6.857602450000000545e+02 -3.481044000000000000e+07 2.946158200000000000e+07
6.866900894000000335e+02 -3.103242800000000000e+07 2.997205000000000000e+07
6.876199338000000125e+02 -1.920305200000000000e+07 2.962871600000000000e+07
6.885497782000001052e+02 -1.855314000000000000e+07 2.955116800000000000e+07
6.894796225999998569e+02 -1.439726400000000000e+07 2.980118600000000000e+07
6.904094670000000633e+02 6.235711000000000000e+06 2.947269600000000000e+07
6.913393114000001560e+02 2.457692750000000000e+06 2.928588400000000000e+07
6.922691557999999077e+02 1.541427400000000000e+07 2.934495800000000000e+07
6.931990002000001141e+02 2.371488800000000000e+07 2.930054400000000000e+07
6.941288445999998657e+02 1.530046400000000000e+07 2.889739000000000000e+07
6.950586889999999585e+02 2.956063000000000000e+07 2.915499000000000000e+07
6.959885334000001649e+02 3.529020800000000000e+07 2.924372400000000000e+07
6.969183777999999165e+02 1.803685400000000000e+07 2.920764400000000000e+07
6.978482222000000093e+02 3.286896600000000000e+07 2.966344000000000000e+07
6.987780665999998746e+02 1.636489300000000000e+07 2.958805400000000000e+07
6.997079109999999673e+02 1.040685600000000000e+07 3.005174000000000000e+07
7.006377554000000600e+02 4.420785000000000000e+06 3.021722400000000000e+07
7.015675997999999254e+02 -5.151565000000000000e+06 3.039372200000000000e+07
7.024974442000000181e+02 -1.659046300000000000e+07 3.051273600000000000e+07
7.034272885999999971e+02 -1.256181800000000000e+07 3.071035200000000000e+07
7.043571329999999762e+02 -1.900684600000000000e+07 3.077117400000000000e+07
7.052869774000000689e+02 -2.543693400000000000e+07 3.109378400000000000e+07
7.062168217999999342e+02 -1.569132100000000000e+07 3.065218800000000000e+07
7.071466662000000269e+02 -1.469595400000000000e+07 3.113349000000000000e+07
7.080765106000000060e+02 -7.871509500000000000e+06 3.069119000000000000e+07
7.090063549999999850e+02 -1.100616900000000000e+07 3.011464000000000000e+07
7.099361994000000777e+02 3.860178750000000000e+06 3.001390200000000000e+07
7.108660437999999431e+02 3.302563750000000000e+06 2.996586000000000000e+07
7.117958882000000358e+02 3.666250250000000000e+06 2.986977800000000000e+07
7.127257326000001285e+02 8.553591000000000000e+06 2.988645200000000000e+07
7.136555769999999939e+02 1.392011200000000000e+07 3.021553800000000000e+07
7.145854214000000866e+02 1.378032400000000000e+07 3.011202000000000000e+07
7.155152657999998382e+02 1.014634300000000000e+07 3.011301400000000000e+07
7.164451102000000446e+02 1.468187000000000000e+07 3.008203800000000000e+07
7.173749546000001374e+02 1.444496300000000000e+07 2.970215000000000000e+07
7.183047989999998890e+02 1.576117375000000000e+06 2.958339800000000000e+07
7.192346434000000954e+02 3.868298000000000000e+06 2.944404600000000000e+07
7.201644877999999608e+02 6.256649000000000000e+06 2.884051000000000000e+07
7.210943321999999398e+02 -1.488767200000000000e+07 2.878310200000000000e+07
7.220241766000001462e+02 -9.911593000000000000e+06 2.863334600000000000e+07
7.229540209999998979e+02 -8.161138000000000000e+06 2.868769400000000000e+07
7.238838653999999906e+02 -1.615154200000000000e+07 2.827031600000000000e+07
7.248137097999999696e+02 -1.357663500000000000e+07 2.894395000000000000e+07
7.257435541999999487e+02 -7.636526500000000000e+06 2.904565800000000000e+07
7.266733986000000414e+02 -1.610560000000000000e+07 2.897863600000000000e+07
7.276032429999999067e+02 -1.310360800000000000e+07 2.960256400000000000e+07
7.285330873999999994e+02 -1.627858400000000000e+07 2.994094800000000000e+07
7.294629318000000922e+02 -1.792810400000000000e+07 2.986730800000000000e+07
7.303927761999999575e+02 -2.774223600000000000e+07 2.950888600000000000e+07
7.313226206000000502e+02 -2.060381800000000000e+07 2.997936200000000000e+07
7.322524649999999156e+02 -2.295818400000000000e+07 2.957642800000000000e+07
7.331823094000000083e+02 -2.638290000000000000e+07 2.913470000000000000e+07
7.341121538000001010e+02 -2.647973000000000000e+07 2.881811000000000000e+07
7.350419981999999663e+02 -1.955503800000000000e+07 2.872764400000000000e+07
7.359718426000000591e+02 -2.213627400000000000e+07 2.837294600000000000e+07
7.369016869999999244e+02 -2.891716400000000000e+07 2.832524600000000000e+07
7.378315314000000171e+02 -1.907332000000000000e+07 2.793664400000000000e+07
7.387613758000001098e+02 -2.148017000000000000e+07 2.770841600000000000e+07
7.396912201999999752e+02 -2.569574200000000000e+07 2.787779200000000000e+07
7.406210646000000679e+02 -2.230126400000000000e+07 2.752150200000000000e+07
7.415509090000000469e+02 -1.603137900000000000e+07 2.826944000000000000e+07
7.424807534000000260e+02 -2.133029000000000000e+07 2.844284600000000000e+07
7.434105978000001187e+02 -9.986623000000000000e+06 2.856928800000000000e+07
7.443404421999998704e+02 -1.878668125000000000e+06 2.913154400000000000e+07
7.452702866000000768e+02 5.094534500000000000e+06 2.869302800000000000e+07
7.462001309999999421e+02 1.370933300000000000e+07 2.895798000000000000e+07
7.471299753999999211e+02 1.920272400000000000e+07 2.876287000000000000e+07
7.480598198000001275e+02 2.276506200000000000e+07 2.819823600000000000e+07
7.489896641999998792e+02 2.401520800000000000e+07 2.819782600000000000e+07
7.499195085999999719e+02 1.815231400000000000e+07 2.773641400000000000e+07
7.508493530000001783e+02 8.723587000000000000e+06 2.773746000000000000e+07
7.517791973999999300e+02 8.855529000000000000e+06 2.790153400000000000e+07
7.527090418000000227e+02 -1.506990156250000000e+05 2.785139600000000000e+07
7.536388861999998880e+02 -9.682358000000000000e+06 2.830270600000000000e+07
7.545687305999999808e+02 -1.672390900000000000e+07 2.865659200000000000e+07
7.554985750000000735e+02 -8.133671500000000000e+06 2.924483800000000000e+07
7.564284193999999388e+02 -1.978561800000000000e+07 2.969172600000000000e+07
7.573582638000000316e+02 -1.517418000000000000e+07 3.035740400000000000e+07
7.582881081999998969e+02 -1.062913000000000000e+07 3.036361200000000000e+07
7.592179525999999896e+02 -6.449671000000000000e+06 3.014761800000000000e+07
7.601477970000000823e+02 -3.401758250000000000e+06 3.005396200000000000e+07
7.610776413999999477e+02 -4.491262187500000000e+05 2.943689800000000000e+07
7.620074858000000404e+02 8.758137000000000000e+06 2.897389600000000000e+07
7.629373302000000194e+02 1.365879900000000000e+07 2.866203400000000000e+07
7.638671745999999985e+02 2.002662000000000000e+07 2.833732600000000000e+07
7.647970190000000912e+02 2.170343000000000000e+07 2.811670200000000000e+07
7.657268633999999565e+02 2.557004000000000000e+07 2.765291600000000000e+07
7.666567078000000492e+02 1.952519800000000000e+07 2.814884600000000000e+07
7.675865522000000283e+02 1.574645300000000000e+07 2.815501000000000000e+07
7.685163966000000073e+02 1.025020900000000000e+07 2.783032400000000000e+07
7.694462410000001000e+02 -3.249986250000000000e+06 2.798878600000000000e+07
7.703760853999998517e+02 -1.014879100000000000e+07 2.782950200000000000e+07
7.713059298000000581e+02 -1.342088500000000000e+07 2.796884200000000000e+07
7.722357742000001508e+02 -2.552380200000000000e+07 2.738771200000000000e+07
7.731656185999999025e+02 -1.617705600000000000e+07 2.695418200000000000e+07
7.740954630000001089e+02 -1.220107800000000000e+07 2.734276400000000000e+07
7.750253073999998605e+02 -8.196419500000000000e+06 2.682620000000000000e+07
7.759551517999999533e+02 2.457826750000000000e+06 2.676511200000000000e+07
7.768849962000001597e+02 1.783630800000000000e+07 2.725521600000000000e+07
7.778148405999999113e+02 3.294867800000000000e+07 2.738388400000000000e+07
7.787446850000000040e+02 3.716865200000000000e+07 2.781273800000000000e+07
7.796745293999999831e+02 4.507608000000000000e+07 2.795101400000000000e+07
7.806043737999999621e+02 5.852520800000000000e+07 2.799173400000000000e+07
7.815342182000000548e+02 5.650036000000000000e+07 2.841927400000000000e+07
7.824640625999999202e+02 4.547585200000000000e+07 2.850853000000000000e+07
7.833939070000000129e+02 5.555228400000000000e+07 2.853778600000000000e+07
7.843237513999999919e+02 4.513468000000000000e+07 2.872407200000000000e+07
7.852535957999999710e+02 4.456222400000000000e+07 2.876287000000000000e+07
7.861834402000000637e+02 4.352640400000000000e+07 2.902792000000000000e+07
7.871132845999999290e+02 3.381836000000000000e+07 2.865263400000000000e+07
7.880431290000000217e+02 3.736253600000000000e+07 2.885863800000000000e+07
7.889729734000001145e+02 3.140377400000000000e+07 2.893236400000000000e+07
7.899028177999999798e+02 2.514848200000000000e+07 2.823193600000000000e+07
7.908326622000000725e+02 2.632729200000000000e+07 2.833820600000000000e+07
7.917625065999999379e+02 2.001353800000000000e+07 2.796584800000000000e+07
7.926923510000000306e+02 1.216835100000000000e+07 2.799890400000000000e+07
7.936221954000001233e+02 1.153267600000000000e+07 2.775373000000000000e+07
7.945520397999999886e+02 5.290645500000000000e+06 2.772774400000000000e+07
7.954818842000000814e+02 -3.992131500000000000e+06 2.768830000000000000e+07
7.964117285999998330e+02 -1.840193500000000000e+06 2.736567200000000000e+07
7.973415730000000394e+02 -9.026321000000000000e+06 2.748544800000000000e+07
7.982714174000001321e+02 -9.627343000000000000e+06 2.775911000000000000e+07
7.992012617999998838e+02 -1.340636100000000000e+07 2.781566600000000000e+07
8.001311062000000902e+02 -2.195425600000000000e+07 2.842284200000000000e+07
8.010609505999999556e+02 -2.159106200000000000e+07 2.879795400000000000e+07
8.019907949999999346e+02 -1.983852600000000000e+07 2.852763400000000000e+07
8.029206394000001410e+02 -2.688830600000000000e+07 2.899569200000000000e+07
8.038504837999998927e+02 -2.034700800000000000e+07 2.879248000000000000e+07
8.047803281999999854e+02 -2.192047800000000000e+07 2.846328400000000000e+07
8.057101725999999644e+02 -2.264914600000000000e+07 2.807823000000000000e+07
8.066400169999999434e+02 -4.588056500000000000e+06 2.745001200000000000e+07
8.075698614000000362e+02 -4.313846000000000000e+06 2.722109000000000000e+07
8.084997057999999015e+02 3.523752000000000000e+06 2.694146200000000000e+07
8.094295501999999942e+02 1.429856900000000000e+07 2.650760000000000000e+07
8.103593946000000869e+02 1.959187400000000000e+07 2.654858200000000000e+07
8.112892389999999523e+02 1.831422000000000000e+07 2.623553600000000000e+07
8.122190834000000450e+02 2.169774800000000000e+07 2.625632400000000000e+07
8.131489277999999103e+02 1.718466600000000000e+07 2.625137200000000000e+07
8.140787722000000031e+02 1.160106400000000000e+07 2.607399400000000000e+07
8.150086166000000958e+02 5.491109000000000000e+06 2.609657800000000000e+07
8.159384609999999611e+02 -4.050791250000000000e+06 2.651173800000000000e+07
8.168683054000000539e+02 -2.496083750000000000e+06 2.684117200000000000e+07
8.177981497999999192e+02 -3.422564000000000000e+06 2.700421000000000000e+07
8.187279942000000119e+02 -3.621939000000000000e+06 2.731006000000000000e+07
8.196578386000001046e+02 2.121295000000000000e+06 2.760188600000000000e+07
8.205876829999999700e+02 9.873228000000000000e+06 2.758324400000000000e+07
8.215175274000000627e+02 1.216250000000000000e+07 2.749513400000000000e+07
8.224473718000000417e+02 2.674225600000000000e+07 2.748061000000000000e+07
8.233772162000000208e+02 2.992269200000000000e+07 2.745595600000000000e+07
8.243070606000001135e+02 3.138711400000000000e+07 2.746414400000000000e+07
8.252369049999998651e+02 3.548941600000000000e+07 2.763542400000000000e+07
8.261667494000000715e+02 3.837022800000000000e+07 2.713022200000000000e+07
8.270965938000000506e+02 2.851566800000000000e+07 2.750891000000000000e+07
8.280264381999999159e+02 2.670010400000000000e+07 2.715365800000000000e+07
8.289562826000001223e+02 2.293467200000000000e+07 2.719337000000000000e+07
8.298861269999998740e+02 5.725195000000000000e+06 2.781073600000000000e+07
8.308159713999999667e+02 1.697283375000000000e+06 2.798488400000000000e+07
8.317458158000001731e+02 -3.407062000000000000e+06 2.808225000000000000e+07
8.326756601999999248e+02 -1.779045600000000000e+07 2.826683400000000000e+07
8.336055046000000175e+02 -2.591407800000000000e+07 2.803856200000000000e+07
8.345353489999998828e+02 -1.986467600000000000e+07 2.773243000000000000e+07
8.354651933999999756e+02 -3.286135000000000000e+07 2.711404400000000000e+07
8.363950378000000683e+02 -2.519263600000000000e+07 2.706649400000000000e+07
8.373248821999999336e+02 -1.291177600000000000e+07 2.651018400000000000e+07
8.382547266000000263e+02 -1.754277800000000000e+07 2.648411000000000000e+07
8.391845710000000054e+02 -2.853297500000000000e+06 2.656989200000000000e+07
8.401144153999999844e+02 8.113326000000000000e+06 2.686128800000000000e+07
8.410442598000000771e+02 1.142669500000000000e+07 2.683593400000000000e+07
8.419741041999999425e+02 1.429972700000000000e+07 2.701455000000000000e+07
8.429039486000000352e+02 1.983366400000000000e+07 2.719872600000000000e+07
8.438337930000000142e+02 1.837096800000000000e+07 2.665496200000000000e+07
8.447636373999999932e+02 1.384835300000000000e+07 2.660718400000000000e+07
8.456934818000000860e+02 1.374377900000000000e+07 2.659268600000000000e+07
8.466233261999999513e+02 1.658187700000000000e+07 2.609737800000000000e+07
8.475531706000000440e+02 8.614698000000000000e+06 2.664586400000000000e+07
8.484830150000001368e+02 9.221956000000000000e+06 2.665371400000000000e+07
8.494128594000000021e+02 2.172031400000000000e+07 2.649631000000000000e+07
8.503427038000000948e+02 1.709952200000000000e+07 2.695720200000000000e+07
8.512725481999998465e+02 2.132090600000000000e+07 2.686245400000000000e+07
8.522023926000000529e+02 3.300863000000000000e+07 2.675339600000000000e+07
8.531322370000001456e+02 2.582234800000000000e+07 2.662193200000000000e+07
8.540620813999998973e+02 2.248189800000000000e+07 2.668785800000000000e+07
8.549919258000001037e+02 2.265501000000000000e+07 2.659228400000000000e+07
8.559217701999998553e+02 1.905024400000000000e+07 2.656685400000000000e+07
8.568516145999999480e+02 1.167560800000000000e+07 2.696803600000000000e+07
8.577814590000001544e+02 1.018607000000000000e+07 2.682284800000000000e+07
8.587113033999999061e+02 1.607257875000000000e+06 2.676248600000000000e+07
8.596411477999999988e+02 -7.612211250000000000e+05 2.682066200000000000e+07
8.605709921999999779e+02 -7.773180000000000000e+06 2.690852400000000000e+07
8.615008365999999569e+02 -7.554461500000000000e+06 2.675043800000000000e+07
8.624306810000000496e+02 -1.539609125000000000e+06 2.697993400000000000e+07
8.633605253999999150e+02 -5.570081500000000000e+06 2.664804000000000000e+07
8.642903698000000077e+02 -4.187279000000000000e+06 2.667514200000000000e+07
8.652202141999999867e+02 5.450290500000000000e+06 2.655616800000000000e+07
8.661500585999999657e+02 -5.511230625000000000e+05 2.614013600000000000e+07
8.670799030000000585e+02 3.606066000000000000e+06 2.642250600000000000e+07
8.680097473999999238e+02 1.329705500000000000e+07 2.647164800000000000e+07
8.689395918000000165e+02 6.243237500000000000e+06 2.643197800000000000e+07
8.698694362000001092e+02 1.047278100000000000e+07 2.672040600000000000e+07
8.707992805999999746e+02 1.525749600000000000e+07 2.659006200000000000e+07
8.717291250000000673e+02 4.867754000000000000e+06 2.685989200000000000e+07
8.726589693999999326e+02 2.435644375000000000e+05 2.677601800000000000e+07
8.735888138000000254e+02 -4.160828500000000000e+06 2.635447600000000000e+07
8.745186582000001181e+02 -6.025009000000000000e+06 2.641291400000000000e+07
8.754485025999999834e+02 -1.702017000000000000e+07 2.646604000000000000e+07
8.763783470000000762e+02 -1.748050600000000000e+07 2.638766000000000000e+07
8.773081913999998278e+02 -1.887377200000000000e+07 2.651253400000000000e+07
8.782380358000000342e+02 -1.360405700000000000e+07 2.681618400000000000e+07
8.791678802000001269e+02 -9.580227000000000000e+06 2.662495200000000000e+07
8.800977245999998786e+02 -9.384772500000000000e+05 2.628983800000000000e+07
8.810275690000000850e+02 3.899312500000000000e+05 2.614245000000000000e+07
8.819574134000000640e+02 5.475043000000000000e+06 2.563710800000000000e+07
8.828872577999999294e+02 5.390460500000000000e+06 2.505389000000000000e+07
8.838171022000001358e+02 6.722320500000000000e+06 2.516899000000000000e+07
8.847469465999998874e+02 -1.716233500000000000e+06 2.516247200000000000e+07
8.856767909999999802e+02 -2.328650000000000000e+06 2.534153000000000000e+07
8.866066353999999592e+02 -1.064122300000000000e+07 2.551355800000000000e+07
8.875364797999999382e+02 -1.238702600000000000e+07 2.596725200000000000e+07
8.884663242000000309e+02 -1.561647000000000000e+07 2.621877800000000000e+07
8.893961685999998963e+02 -2.273702000000000000e+07 2.628682000000000000e+07
8.903260129999999890e+02 -2.890120800000000000e+07 2.678230200000000000e+07
8.912558574000000817e+02 -2.361917800000000000e+07 2.661300800000000000e+07
8.921857017999999471e+02 -3.317258600000000000e+07 2.669390200000000000e+07
8.931155462000000398e+02 -3.222975600000000000e+07 2.653831000000000000e+07
8.940453905999999051e+02 -2.740628200000000000e+07 2.678176600000000000e+07
8.949752349999999979e+02 -3.268593000000000000e+07 2.622059400000000000e+07
8.959050794000000906e+02 -3.792509200000000000e+07 2.611352400000000000e+07
8.968349237999999559e+02 -1.498280700000000000e+07 2.614863800000000000e+07
8.977647682000000486e+02 -2.094377800000000000e+07 2.625808600000000000e+07
8.986946126000000277e+02 -8.356552000000000000e+06 2.611810200000000000e+07
8.996244570000000067e+02 -1.391581250000000000e+06 2.664511000000000000e+07
9.005543014000000994e+02 1.336750400000000000e+07 2.670200400000000000e+07
9.014841457999999648e+02 1.304480600000000000e+07 2.672815200000000000e+07
9.024139902000000575e+02 2.282434400000000000e+07 2.672960600000000000e+07
9.033438346000000365e+02 2.104644400000000000e+07 2.644706800000000000e+07
9.042736790000000155e+02 1.728774400000000000e+07 2.639748400000000000e+07
9.052035234000001083e+02 1.365105200000000000e+07 2.606030800000000000e+07
9.061333677999998599e+02 1.037197400000000000e+07 2.619392200000000000e+07
9.070632122000000663e+02 3.864599375000000000e+05 2.605066400000000000e+07
9.079930566000001591e+02 -7.549627500000000000e+06 2.596543400000000000e+07
9.089229009999999107e+02 -7.679902500000000000e+06 2.602741600000000000e+07
9.098527454000001171e+02 -9.573504000000000000e+06 2.587172200000000000e+07
9.107825897999998688e+02 -9.399995000000000000e+06 2.592187200000000000e+07
9.117124341999999615e+02 -2.923721750000000000e+06 2.583352200000000000e+07
9.126422786000001679e+02 7.101410000000000000e+06 2.582917400000000000e+07
9.135721229999999196e+02 4.496770000000000000e+06 2.591984800000000000e+07
9.145019674000000123e+02 1.749593200000000000e+07 2.613681800000000000e+07
9.154318117999998776e+02 2.010551800000000000e+07 2.644898800000000000e+07
9.163616561999999703e+02 2.117479400000000000e+07 2.680120200000000000e+07
9.172915006000000631e+02 2.015543400000000000e+07 2.710302200000000000e+07
9.182213449999999284e+02 1.575697300000000000e+07 2.721099400000000000e+07
9.191511894000000211e+02 1.695778800000000000e+07 2.708417200000000000e+07
9.200810338000000002e+02 1.254099600000000000e+07 2.674221400000000000e+07
9.210108781999999792e+02 1.047232300000000000e+07 2.663972200000000000e+07
9.219407226000000719e+02 7.553772500000000000e+06 2.634968600000000000e+07
9.228705669999999373e+02 3.249703750000000000e+06 2.642299200000000000e+07
9.238004114000000300e+02 6.703786500000000000e+06 2.677554400000000000e+07
9.247302558000000090e+02 1.142244375000000000e+06 2.696022800000000000e+07
9.256601001999999880e+02 -2.295248750000000000e+06 2.713903000000000000e+07
9.265899446000000808e+02 3.130157500000000000e+06 2.692972600000000000e+07
9.275197889999999461e+02 7.743476250000000000e+05 2.708332400000000000e+07
9.284496334000000388e+02 -3.733731500000000000e+06 2.668431600000000000e+07
9.293794778000001315e+02 2.759940625000000000e+05 2.636098600000000000e+07
9.303093221999999969e+02 2.821980000000000000e+06 2.663557000000000000e+07
9.312391666000000896e+02 6.522360500000000000e+06 2.643150600000000000e+07
9.321690109999998413e+02 1.114850400000000000e+07 2.641761000000000000e+07
9.330988554000000477e+02 1.435621300000000000e+07 2.654920800000000000e+07
9.340286998000001404e+02 2.644098200000000000e+07 2.656831000000000000e+07
9.349585441999998920e+02 3.147332400000000000e+07 2.673011600000000000e+07
9.358883886000000984e+02 3.191562800000000000e+07 2.630887200000000000e+07
9.368182329999998501e+02 4.151150800000000000e+07 2.638119800000000000e+07
9.377480773999999428e+02 3.752727200000000000e+07 2.618426600000000000e+07
9.386779218000001492e+02 2.679220000000000000e+07 2.568772600000000000e+07
9.396077661999999009e+02 2.825618800000000000e+07 2.568083000000000000e+07
9.405376105999999936e+02 1.136656000000000000e+07 2.571101200000000000e+07
9.414674549999999726e+02 8.161551500000000000e+06 2.575369600000000000e+07
9.423972993999999517e+02 -5.886487500000000000e+05 2.572900600000000000e+07
9.433271438000000444e+02 -4.490045000000000000e+06 2.573671000000000000e+07
9.442569881999999097e+02 -6.903104500000000000e+06 2.627369400000000000e+07
9.451868326000000025e+02 -4.645393500000000000e+06 2.601288000000000000e+07
9.461166769999999815e+02 -4.321849500000000000e+06 2.605185600000000000e+07
9.470465213999999605e+02 5.505761000000000000e+06 2.608483600000000000e+07
9.479763658000000532e+02 1.543336000000000000e+07 2.563352400000000000e+07
9.489062101999999186e+02 1.678149000000000000e+07 2.571399200000000000e+07
9.498360546000000113e+02 2.868308200000000000e+07 2.530501200000000000e+07
9.507658990000001040e+02 2.432184800000000000e+07 2.506889600000000000e+07
9.516957433999999694e+02 3.924633600000000000e+07 2.526257800000000000e+07
9.526255878000000621e+02 3.005872800000000000e+07 2.514949000000000000e+07
9.535554321999999274e+02 2.925342400000000000e+07 2.516400600000000000e+07
9.544852766000000202e+02 2.659300200000000000e+07 2.547971600000000000e+07
9.554151210000001129e+02 2.885619800000000000e+07 2.563246400000000000e+07
9.563449653999999782e+02 1.281207600000000000e+07 2.575024400000000000e+07
9.572748098000000709e+02 1.583339800000000000e+07 2.605031800000000000e+07
9.582046542000000500e+02 1.428909200000000000e+07 2.612500200000000000e+07
9.591344986000000290e+02 1.923417000000000000e+06 2.635264200000000000e+07
9.600643430000001217e+02 9.251980000000000000e+06 2.631062200000000000e+07
9.609941873999998734e+02 5.042678500000000000e+06 2.648062200000000000e+07
9.619240318000000798e+02 1.027836687500000000e+06 2.652450400000000000e+07
9.628538762000000588e+02 3.456433250000000000e+06 2.670619000000000000e+07
9.637837205999999242e+02 6.846702500000000000e+06 2.668016400000000000e+07
9.647135650000001306e+02 4.417535000000000000e+06 2.680120400000000000e+07
9.656434093999998822e+02 5.302133000000000000e+06 2.622326000000000000e+07
9.665732537999999749e+02 1.510265900000000000e+07 2.611890200000000000e+07
9.675030982000001814e+02 1.567868800000000000e+07 2.616578000000000000e+07
9.684329425999999330e+02 3.075742500000000000e+06 2.550307200000000000e+07
9.693627870000000257e+02 2.096916400000000000e+07 2.558674800000000000e+07
9.702926313999998911e+02 1.105445700000000000e+07 2.592502000000000000e+07
9.712224757999999838e+02 -4.429597500000000000e+06 2.542880600000000000e+07
9.721523202000000765e+02 1.925171375000000000e+06 2.577021400000000000e+07
9.730821645999999419e+02 1.674952875000000000e+06 2.578389200000000000e+07
9.740120090000000346e+02 -2.781792800000000000e+07 2.541102200000000000e+07
9.749418533999998999e+02 -2.361352200000000000e+07 2.564688600000000000e+07
9.758716977999999926e+02 -1.728566600000000000e+07 2.561009200000000000e+07
9.768015422000000854e+02 -4.179276400000000000e+07 2.564687000000000000e+07
9.777313865999999507e+02 -3.822102800000000000e+07 2.592020200000000000e+07
9.786612310000000434e+02 -2.509899000000000000e+07 2.593081200000000000e+07
9.795910754000000225e+02 -3.430664400000000000e+07 2.605484600000000000e+07
9.805209198000000015e+02 -2.916541000000000000e+07 2.606805000000000000e+07
9.814507642000000942e+02 -7.152530000000000000e+06 2.600767200000000000e+07
9.823806085999999596e+02 -1.130402300000000000e+07 2.568451800000000000e+07
9.833104530000000523e+02 -4.196663500000000000e+06 2.569099400000000000e+07
9.842402974000000313e+02 1.803319800000000000e+07 2.545139200000000000e+07
9.851701418000000103e+02 1.206959400000000000e+07 2.542706000000000000e+07
9.860999862000001031e+02 1.633820600000000000e+07 2.543527800000000000e+07
9.870298305999998547e+02 2.595274800000000000e+07 2.572355400000000000e+07
9.879596750000000611e+02 1.954246400000000000e+07 2.550779600000000000e+07
9.888895194000001538e+02 1.526639700000000000e+07 2.565019000000000000e+07
9.898193637999999055e+02 1.559239200000000000e+07 2.588683000000000000e+07
9.907492082000001119e+02 5.580787000000000000e+06 2.575338600000000000e+07
9.916790525999998636e+02 4.037426750000000000e+06 2.614235000000000000e+07
9.926088969999999563e+02 -1.827264375000000000e+06 2.604042600000000000e+07
9.935387414000001627e+02 -4.096065000000000000e+06 2.601646200000000000e+07
9.944685857999999143e+02 6.873598500000000000e+06 2.594509000000000000e+07
9.953984302000000071e+02 4.421170937500000000e+05 2.558811400000000000e+07
9.963282745999998724e+02 8.410671000000000000e+06 2.536674800000000000e+07
9.972581189999999651e+02 4.370651000000000000e+06 2.529303200000000000e+07
9.981879634000000578e+02 1.351065800000000000e+07 2.523903000000000000e+07
9.991178077999999232e+02 1.434597700000000000e+07 2.557094200000000000e+07
1.000047652200000016e+03 1.531959600000000000e+07 2.591227400000000000e+07
1.000977496599999995e+03 2.584211600000000000e+07 2.591462800000000000e+07
1.001907340999999974e+03 2.563688800000000000e+07 2.611774200000000000e+07
1.002837185400000067e+03 1.866061600000000000e+07 2.633642600000000000e+07
1.003767029799999932e+03 2.951760000000000000e+07 2.578751200000000000e+07
1.004696874200000025e+03 2.627374400000000000e+07 2.622636800000000000e+07
1.005626718600000004e+03 1.760773400000000000e+07 2.624850800000000000e+07
1.006556562999999983e+03 2.124818400000000000e+07 2.569625200000000000e+07
1.007486407400000076e+03 1.842282600000000000e+07 2.569666800000000000e+07
1.008416251799999941e+03 1.330309300000000000e+07 2.528503600000000000e+07
1.009346096200000034e+03 2.848629000000000000e+06 2.490720800000000000e+07
1.010275940600000126e+03 3.468062250000000000e+06 2.476146600000000000e+07
1.011205784999999992e+03 -2.277552000000000000e+06 2.457614800000000000e+07
1.012135629400000084e+03 -5.547832000000000000e+06 2.508787600000000000e+07
1.013065473799999836e+03 1.298936000000000000e+06 2.535553800000000000e+07
1.013995318200000042e+03 -7.068940000000000000e+06 2.533014200000000000e+07
1.014925162600000135e+03 -1.142717250000000000e+06 2.563689400000000000e+07
1.015855006999999887e+03 3.773709250000000000e+06 2.578056800000000000e+07
1.016784851400000093e+03 2.780929750000000000e+06 2.542640600000000000e+07
1.017714695800000072e+03 2.793352500000000000e+06 2.565234800000000000e+07
1.018644540199999938e+03 3.621898750000000000e+06 2.552327600000000000e+07
1.019574384600000144e+03 1.700319625000000000e+06 2.580726000000000000e+07
1.020504228999999896e+03 9.923018000000000000e+06 2.607386800000000000e+07
1.021434073399999988e+03 4.415233437500000000e+05 2.623453000000000000e+07
1.022363917799999967e+03 1.879841500000000000e+06 2.655842000000000000e+07
1.023293762199999946e+03 4.256791500000000000e+06 2.637233800000000000e+07
1.024223606600000039e+03 7.112411000000000000e+06 2.605101200000000000e+07
1.025153450999999905e+03 1.463344125000000000e+06 2.593530200000000000e+07
1.026083295399999997e+03 4.711152500000000000e+06 2.578044400000000000e+07
1.027013139800000090e+03 4.516856500000000000e+06 2.531032400000000000e+07
1.027942984199999955e+03 1.366168250000000000e+06 2.507892200000000000e+07
1.028872828600000048e+03 -5.103062500000000000e+06 2.477852600000000000e+07
1.029802672999999913e+03 -3.028978500000000000e+06 2.453924400000000000e+07
1.030732517400000006e+03 -1.739717200000000000e+07 2.438131400000000000e+07
1.031662361800000099e+03 -2.004561600000000000e+07 2.433463200000000000e+07
1.032592206199999964e+03 -1.312205100000000000e+07 2.403089400000000000e+07
1.033522050600000057e+03 -2.273120000000000000e+07 2.465330800000000000e+07
1.034451894999999922e+03 -3.310809600000000000e+07 2.473811000000000000e+07
1.035381739400000015e+03 -1.235202400000000000e+07 2.495621000000000000e+07
1.036311583800000108e+03 -1.905374000000000000e+07 2.528514600000000000e+07
1.037241428199999973e+03 -1.174592400000000000e+07 2.552294800000000000e+07
1.038171272600000066e+03 3.468952000000000000e+06 2.540611200000000000e+07
1.039101116999999931e+03 1.225452875000000000e+06 2.532597600000000000e+07
1.040030961400000024e+03 1.921594400000000000e+07 2.513893000000000000e+07
1.040960805800000117e+03 2.917199000000000000e+07 2.513318800000000000e+07
1.041890650199999982e+03 3.402563200000000000e+07 2.445185400000000000e+07
1.042820494600000075e+03 4.334012000000000000e+07 2.485034800000000000e+07
1.043750338999999940e+03 5.445367200000000000e+07 2.484394400000000000e+07
1.044680183400000033e+03 5.107534400000000000e+07 2.478984400000000000e+07
1.045610027800000125e+03 6.289742000000000000e+07 2.524461200000000000e+07
1.046539872199999991e+03 4.831793200000000000e+07 2.530510200000000000e+07
1.047469716600000083e+03 4.588398400000000000e+07 2.504162000000000000e+07
1.048399561000000176e+03 3.566097600000000000e+07 2.513729200000000000e+07
1.049329405400000041e+03 1.333996300000000000e+07 2.466605800000000000e+07
1.050259249800000134e+03 9.313973000000000000e+06 2.455463000000000000e+07
1.051189094200000000e+03 -2.760425250000000000e+06 2.462442000000000000e+07
1.052118938600000092e+03 -3.046837800000000000e+07 2.446884400000000000e+07
1.053048783000000185e+03 -2.675310800000000000e+07 2.475768200000000000e+07
1.053978627400000050e+03 -3.505861600000000000e+07 2.490730400000000000e+07
1.054908471800000143e+03 -5.600156400000000000e+07 2.515423800000000000e+07
1.055838316199999781e+03 -4.856716400000000000e+07 2.506381200000000000e+07
1.056768160600000101e+03 -4.935823600000000000e+07 2.495329600000000000e+07
1.057698005000000194e+03 -5.317361200000000000e+07 2.508483400000000000e+07
1.058627849399999832e+03 -4.187635600000000000e+07 2.474267200000000000e+07
1.059557693800000152e+03 -4.084684000000000000e+07 2.432595800000000000e+07
1.060487538200000017e+03 -3.707597600000000000e+07 2.426687200000000000e+07
1.061417382599999883e+03 -3.011905200000000000e+07 2.395758800000000000e+07
1.062347226999999975e+03 -2.760465800000000000e+07 2.357745400000000000e+07
1.063277071399999841e+03 -2.014990000000000000e+07 2.384675000000000000e+07
1.064206915799999933e+03 -1.367429400000000000e+07 2.359773200000000000e+07
1.065136760200000026e+03 -1.576289600000000000e+07 2.376470200000000000e+07
1.066066604599999891e+03 -9.172738000000000000e+06 2.402168000000000000e+07
1.066996448999999984e+03 -6.485521000000000000e+06 2.396690600000000000e+07
1.067926293399999849e+03 -7.607110500000000000e+06 2.392806200000000000e+07
1.068856137799999942e+03 -7.052346000000000000e+06 2.415504000000000000e+07
1.069785982200000035e+03 -7.021402500000000000e+06 2.454968800000000000e+07
1.070715826599999900e+03 -1.018358100000000000e+07 2.455248400000000000e+07
1.071645670999999993e+03 -2.604674500000000000e+06 2.484089800000000000e+07
1.072575515399999858e+03 -6.514827500000000000e+06 2.492937200000000000e+07
1.073505359799999951e+03 -1.001082900000000000e+07 2.519908600000000000e+07
1.074435204200000044e+03 -1.704539500000000000e+06 2.514205200000000000e+07
1.075365048599999909e+03 -3.759069500000000000e+06 2.534681600000000000e+07
1.076294893000000002e+03 -2.557050000000000000e+06 2.555117200000000000e+07
1.077224737400000095e+03 3.511195937500000000e+05 2.524313200000000000e+07
1.078154581799999960e+03 5.937776875000000000e+05 2.565035800000000000e+07
1.079084426200000053e+03 3.445924750000000000e+06 2.527210400000000000e+07
1.080014270599999918e+03 1.378125625000000000e+06 2.526122400000000000e+07
1.080944115000000011e+03 3.438768000000000000e+06 2.535816600000000000e+07
1.081873959400000103e+03 5.056495000000000000e+06 2.509902200000000000e+07
1.082803803799999969e+03 -8.333792500000000000e+05 2.501592600000000000e+07
1.083733648200000061e+03 -4.040976000000000000e+06 2.495245000000000000e+07
1.084663492599999927e+03 -2.238873000000000000e+06 2.427217200000000000e+07
1.085593337000000020e+03 4.604838000000000000e+06 2.395540400000000000e+07
1.086523181400000112e+03 5.989553500000000000e+06 2.379787000000000000e+07
1.087453025799999978e+03 1.304808800000000000e+07 2.355442200000000000e+07
1.088382870200000070e+03 1.740348200000000000e+07 2.376517600000000000e+07
1.089312714599999936e+03 2.432083000000000000e+07 2.380608600000000000e+07
1.090242559000000028e+03 3.698237600000000000e+07 2.347494600000000000e+07
1.091172403400000121e+03 4.185149200000000000e+07 2.379214400000000000e+07
1.092102247799999986e+03 4.247872800000000000e+07 2.357604000000000000e+07
1.093032092200000079e+03 5.413992400000000000e+07 2.326778200000000000e+07
1.093961936599999945e+03 4.434005200000000000e+07 2.362556400000000000e+07
1.094891781000000037e+03 3.226878000000000000e+07 2.364195000000000000e+07
1.095821625400000130e+03 3.731530000000000000e+07 2.396173200000000000e+07
1.096751469799999995e+03 2.649392800000000000e+07 2.417190800000000000e+07
1.097681314200000088e+03 1.388139600000000000e+07 2.386089800000000000e+07
1.098611158599999953e+03 2.049115500000000000e+06 2.424960200000000000e+07
1.099541003000000046e+03 -4.039861500000000000e+06 2.414110800000000000e+07
1.100470847400000139e+03 -4.199831000000000000e+06 2.381106400000000000e+07
1.101400691800000004e+03 -1.693909200000000000e+07 2.423129400000000000e+07
1.102330536200000097e+03 -6.933725500000000000e+06 2.374282000000000000e+07
1.103260380599999962e+03 -1.077643515625000000e+05 2.368287200000000000e+07
1.104190225000000055e+03 -8.891048000000000000e+06 2.371077400000000000e+07
1.105120069400000148e+03 1.520660000000000000e+06 2.339270000000000000e+07
1.106049913800000013e+03 1.549432000000000000e+07 2.310194200000000000e+07
1.106979758200000106e+03 9.209638750000000000e+05 2.317117600000000000e+07
1.107909602600000198e+03 1.101514900000000000e+07 2.302191200000000000e+07
1.108839447000000064e+03 2.076001000000000000e+07 2.292048800000000000e+07
1.109769291400000157e+03 8.534011000000000000e+06 2.305995400000000000e+07
1.110699135799999794e+03 1.649801100000000000e+07 2.309767400000000000e+07
1.111628980200000115e+03 1.381683500000000000e+07 2.333745800000000000e+07
1.112558824600000207e+03 6.477943500000000000e+06 2.363396000000000000e+07
1.113488668999999845e+03 1.214257500000000000e+07 2.377489400000000000e+07
1.114418513400000165e+03 3.588053000000000000e+06 2.394816400000000000e+07
