# Radius [au]	Intensity [Jy/sr]	error_Intensity [Jy/sr]
4.649222000000000077e-01 5.626393600000000000e+09 0.000000000000000000e+00
1.394766600000000079e+00 5.553594368000000000e+09 5.270256400000000000e+07
2.324610999999999983e+00 5.439256576000000000e+09 5.653718000000000000e+07
3.254455399999999887e+00 5.269415936000000000e+09 9.744056800000000000e+07
4.184299799999999792e+00 5.022651904000000000e+09 8.733346400000000000e+07
5.114144200000000140e+00 4.749897216000000000e+09 1.083335840000000000e+08
6.043988599999999600e+00 4.487575552000000000e+09 1.267119200000000000e+08
6.973832999999999949e+00 4.096790016000000000e+09 1.556895840000000000e+08
7.903677400000000297e+00 3.753604608000000000e+09 1.776576800000000000e+08
8.833521799999999757e+00 3.503131648000000000e+09 1.843012480000000000e+08
9.763366200000000106e+00 3.130233344000000000e+09 1.796823040000000000e+08
1.069321060000000045e+01 2.765555456000000000e+09 1.982231840000000000e+08
1.162305500000000080e+01 2.511185664000000000e+09 1.923352160000000000e+08
1.255289939999999937e+01 2.263372032000000000e+09 1.754813120000000000e+08
1.348274379999999972e+01 1.951345408000000000e+09 1.772539360000000000e+08
1.441258820000000007e+01 1.832950656000000000e+09 1.690272960000000000e+08
1.534243260000000042e+01 1.642821248000000000e+09 1.428551040000000000e+08
1.627227699999999899e+01 1.532060416000000000e+09 1.393555040000000000e+08
1.720212139999999934e+01 1.425298688000000000e+09 1.146479040000000000e+08
1.813196579999999969e+01 1.397036160000000000e+09 1.007934400000000000e+08
1.906181020000000004e+01 1.333288448000000000e+09 8.333320800000000000e+07
1.999165460000000039e+01 1.298202880000000000e+09 6.874321600000000000e+07
2.092149900000000073e+01 1.285687936000000000e+09 5.398106400000000000e+07
2.185134339999999753e+01 1.294612864000000000e+09 4.695594000000000000e+07
2.278118780000000143e+01 1.295686144000000000e+09 3.687756000000000000e+07
2.371103219999999823e+01 1.294444928000000000e+09 3.019672200000000000e+07
2.464087660000000213e+01 1.311950080000000000e+09 2.711066000000000000e+07
2.557072099999999892e+01 1.309618304000000000e+09 2.543093600000000000e+07
2.650056540000000282e+01 1.315441664000000000e+09 2.651706800000000000e+07
2.743040979999999962e+01 1.317682688000000000e+09 2.641612000000000000e+07
2.836025420000000352e+01 1.308634496000000000e+09 2.789148400000000000e+07
2.929009859999999676e+01 1.294816768000000000e+09 2.884157200000000000e+07
3.021994300000000067e+01 1.283214848000000000e+09 2.876144200000000000e+07
3.114978739999999746e+01 1.253778688000000000e+09 2.995320600000000000e+07
3.207963180000000136e+01 1.222943232000000000e+09 2.701110400000000000e+07
3.300947619999999461e+01 1.186869248000000000e+09 2.669573200000000000e+07
3.393932060000000206e+01 1.144779392000000000e+09 2.581718600000000000e+07
3.486916499999999530e+01 1.095308800000000000e+09 2.314092800000000000e+07
3.579900940000000276e+01 1.050578560000000000e+09 2.232086000000000000e+07
3.672885379999999600e+01 1.004445376000000000e+09 2.003299800000000000e+07
3.765869820000000345e+01 9.482942080000000000e+08 1.903555200000000000e+07
3.858854259999999670e+01 9.024023680000000000e+08 1.817604400000000000e+07
3.951838700000000415e+01 8.595943040000000000e+08 1.640369500000000000e+07
4.044823139999999739e+01 8.098643840000000000e+08 1.615741300000000000e+07
4.137807580000000485e+01 7.697045760000000000e+08 1.606524100000000000e+07
4.230792020000000520e+01 7.390506880000000000e+08 1.523319600000000000e+07
4.323776459999999133e+01 6.992039040000000000e+08 1.545396400000000000e+07
4.416760899999999879e+01 6.722092160000000000e+08 1.576288100000000000e+07
4.509745339999999914e+01 6.471995520000000000e+08 1.502203300000000000e+07
4.602729780000000659e+01 6.271150720000000000e+08 1.502471300000000000e+07
4.695714219999999273e+01 6.072709120000000000e+08 1.476071800000000000e+07
4.788698660000000018e+01 5.975630720000000000e+08 1.472306600000000000e+07
4.881683100000000053e+01 5.857461120000000000e+08 1.383452100000000000e+07
4.974667540000000798e+01 5.862519040000000000e+08 1.393335900000000000e+07
5.067651979999999412e+01 5.807960960000000000e+08 1.350306900000000000e+07
5.160636420000000157e+01 5.826725760000000000e+08 1.283363700000000000e+07
5.253620860000000192e+01 5.869000960000000000e+08 1.274556700000000000e+07
5.346605300000000938e+01 5.909513600000000000e+08 1.219248100000000000e+07
5.439589739999999551e+01 5.942876800000000000e+08 1.216763200000000000e+07
5.532574179999999586e+01 6.006448640000000000e+08 1.242453400000000000e+07
5.625558620000000332e+01 6.071552640000000000e+08 1.273010700000000000e+07
5.718543060000000366e+01 6.103474560000000000e+08 1.280214100000000000e+07
5.811527499999999691e+01 6.143616000000000000e+08 1.304384400000000000e+07
5.904511939999999726e+01 6.226139520000000000e+08 1.380488400000000000e+07
5.997496380000000471e+01 6.220572800000000000e+08 1.341023600000000000e+07
6.090480820000000506e+01 6.214753280000000000e+08 1.379922900000000000e+07
6.183465259999999120e+01 6.217548160000000000e+08 1.372150200000000000e+07
6.276449699999999865e+01 6.098677760000000000e+08 1.315668300000000000e+07
6.369434140000000610e+01 6.066702720000000000e+08 1.305906800000000000e+07
6.462418580000000645e+01 5.965924480000000000e+08 1.269365000000000000e+07
6.555403019999999970e+01 5.808372480000000000e+08 1.214017400000000000e+07
6.648387459999999294e+01 5.655127040000000000e+08 1.179863000000000000e+07
6.741371900000000039e+01 5.518487680000000000e+08 1.132351100000000000e+07
6.834356340000000785e+01 5.275022720000000000e+08 1.140606000000000000e+07
6.927340779999998688e+01 5.107911680000000000e+08 1.137130300000000000e+07
7.020325219999999433e+01 4.927991360000000000e+08 1.126707500000000000e+07
7.113309660000000179e+01 4.678518080000000000e+08 1.130218100000000000e+07
7.206294100000000924e+01 4.475270080000000000e+08 1.169490200000000000e+07
7.299278539999998827e+01 4.311536000000000000e+08 1.197057800000000000e+07
7.392262979999999573e+01 4.066208960000000000e+08 1.177984200000000000e+07
7.485247420000000318e+01 3.911578880000000000e+08 1.186655600000000000e+07
7.578231860000001063e+01 3.734534720000000000e+08 1.157807700000000000e+07
7.671216299999998967e+01 3.560608960000000000e+08 1.132508600000000000e+07
7.764200739999999712e+01 3.387904000000000000e+08 1.094179100000000000e+07
7.857185180000000457e+01 3.250681280000000000e+08 1.095306400000000000e+07
7.950169620000001203e+01 3.117351680000000000e+08 1.023712600000000000e+07
8.043154059999999106e+01 2.994894400000000000e+08 1.031124500000000000e+07
8.136138499999999851e+01 2.853150720000000000e+08 1.052894600000000000e+07
8.229122940000000597e+01 2.769923200000000000e+08 9.894542000000000000e+06
8.322107380000001342e+01 2.648312640000000000e+08 1.014263200000000000e+07
8.415091819999999245e+01 2.550204000000000000e+08 1.021680700000000000e+07
8.508076259999999991e+01 2.481565600000000000e+08 9.871054000000000000e+06
8.601060700000000736e+01 2.422810880000000000e+08 9.951991000000000000e+06
8.694045140000000060e+01 2.293075680000000000e+08 1.006819800000000000e+07
8.787029579999999385e+01 2.269439520000000000e+08 9.717872000000000000e+06
8.880014020000000130e+01 2.241896640000000000e+08 1.006470300000000000e+07
8.972998460000000875e+01 2.142662080000000000e+08 9.943070000000000000e+06
9.065982900000000200e+01 2.140587680000000000e+08 9.511748000000000000e+06
9.158967339999999524e+01 2.095697920000000000e+08 9.702186000000000000e+06
9.251951780000000269e+01 2.030137760000000000e+08 9.765212000000000000e+06
9.344936219999999594e+01 2.007394880000000000e+08 9.389327000000000000e+06
9.437920660000000339e+01 1.953122720000000000e+08 9.052077000000000000e+06
9.530905099999999663e+01 1.875975680000000000e+08 9.253389000000000000e+06
9.623889540000000409e+01 1.832973920000000000e+08 9.010255000000000000e+06
9.716873979999999733e+01 1.745055040000000000e+08 8.937144000000000000e+06
9.809858420000000478e+01 1.656944960000000000e+08 8.836721000000000000e+06
9.902842859999999803e+01 1.602991520000000000e+08 8.826873000000000000e+06
9.995827300000000548e+01 1.484392960000000000e+08 8.396761000000000000e+06
1.008881173999999987e+02 1.406133280000000000e+08 8.408760000000000000e+06
1.018179618000000062e+02 1.337214240000000000e+08 8.449024000000000000e+06
1.027478061999999994e+02 1.258119360000000000e+08 8.067984500000000000e+06
1.036776505999999927e+02 1.184161920000000000e+08 8.165231500000000000e+06
1.046074950000000001e+02 1.138964400000000000e+08 7.990159000000000000e+06
1.055373394000000076e+02 1.077476880000000000e+08 7.644054000000000000e+06
1.064671838000000008e+02 1.024170560000000000e+08 7.917634000000000000e+06
1.073970281999999941e+02 9.863004800000000000e+07 7.749092000000000000e+06
1.083268726000000015e+02 9.647841600000000000e+07 7.454234500000000000e+06
1.092567170000000090e+02 8.778088000000000000e+07 7.677537500000000000e+06
1.101865613999999880e+02 8.803004000000000000e+07 7.686880500000000000e+06
1.111164057999999955e+02 8.476004000000000000e+07 7.754048500000000000e+06
1.120462502000000029e+02 7.844208800000000000e+07 7.568498500000000000e+06
1.129760946000000104e+02 7.784330400000000000e+07 7.973696500000000000e+06
1.139059389999999894e+02 7.567644000000000000e+07 8.153900500000000000e+06
1.148357833999999968e+02 6.956834400000000000e+07 7.779036000000000000e+06
1.157656278000000043e+02 7.127799200000000000e+07 8.172875500000000000e+06
1.166954722000000118e+02 6.899167200000000000e+07 8.240129500000000000e+06
1.176253165999999908e+02 6.569689200000000000e+07 7.720435500000000000e+06
1.185551609999999982e+02 6.991729600000000000e+07 8.060449000000000000e+06
1.194850054000000057e+02 6.938899200000000000e+07 7.576511000000000000e+06
1.204148498000000131e+02 6.914370400000000000e+07 7.041014000000000000e+06
1.213446941999999922e+02 7.311694400000000000e+07 7.381751500000000000e+06
1.222745385999999996e+02 7.252600800000000000e+07 6.613364000000000000e+06
1.232043830000000071e+02 7.235758400000000000e+07 6.605187000000000000e+06
1.241342274000000145e+02 7.555918400000000000e+07 6.413070000000000000e+06
1.250640717999999936e+02 7.650952000000000000e+07 6.115428500000000000e+06
1.259939162000000010e+02 7.591037600000000000e+07 6.057786500000000000e+06
1.269237606000000085e+02 7.661172800000000000e+07 5.669281500000000000e+06
1.278536050000000017e+02 7.676370400000000000e+07 5.739178500000000000e+06
1.287834493999999950e+02 7.786360800000000000e+07 5.999979000000000000e+06
1.297132938000000024e+02 7.702626400000000000e+07 6.036592000000000000e+06
1.306431382000000099e+02 7.822127200000000000e+07 6.255646000000000000e+06
1.315729826000000173e+02 7.937902400000000000e+07 6.429499500000000000e+06
1.325028269999999964e+02 8.010930400000000000e+07 6.528137500000000000e+06
1.334326714000000038e+02 8.242981600000000000e+07 6.210140000000000000e+06
1.343625158000000113e+02 8.566089600000000000e+07 6.281172500000000000e+06
1.352923602000000187e+02 8.594933600000000000e+07 6.169082500000000000e+06
1.362222045999999978e+02 9.009592000000000000e+07 6.082338500000000000e+06
1.371520490000000052e+02 9.068956800000000000e+07 6.215369500000000000e+06
1.380818934000000127e+02 9.360344800000000000e+07 6.372891500000000000e+06
1.390117378000000201e+02 9.453590400000000000e+07 6.437067000000000000e+06
1.399415821999999991e+02 9.591911200000000000e+07 6.679249500000000000e+06
1.408714266000000066e+02 1.003594960000000000e+08 6.673242000000000000e+06
1.418012710000000141e+02 9.902810400000000000e+07 6.647794000000000000e+06
1.427311154000000215e+02 1.010589040000000000e+08 6.780674500000000000e+06
1.436609598000000005e+02 1.055264240000000000e+08 6.578132500000000000e+06
1.445908042000000080e+02 1.062374000000000000e+08 6.700950000000000000e+06
1.455206486000000154e+02 1.068646400000000000e+08 6.600496500000000000e+06
1.464504929999999945e+02 1.113122160000000000e+08 6.593261500000000000e+06
1.473803374000000019e+02 1.098497360000000000e+08 6.642628500000000000e+06
1.483101818000000094e+02 1.131864560000000000e+08 6.678958000000000000e+06
1.492400262000000168e+02 1.125397360000000000e+08 6.681072500000000000e+06
1.501698705999999959e+02 1.140655200000000000e+08 6.693813500000000000e+06
1.510997150000000033e+02 1.158098000000000000e+08 6.731014500000000000e+06
1.520295594000000108e+02 1.161378400000000000e+08 6.734975000000000000e+06
1.529594037999999898e+02 1.165302400000000000e+08 6.652370500000000000e+06
1.538892481999999973e+02 1.197106640000000000e+08 6.470457000000000000e+06
1.548190926000000047e+02 1.183262400000000000e+08 6.187985000000000000e+06
1.557489370000000122e+02 1.218459040000000000e+08 5.937113000000000000e+06
1.566787813999999912e+02 1.221855200000000000e+08 5.825367500000000000e+06
1.576086257999999987e+02 1.205533120000000000e+08 5.788838000000000000e+06
1.585384702000000061e+02 1.223442400000000000e+08 5.742928500000000000e+06
1.594683145999999851e+02 1.219546720000000000e+08 5.833179500000000000e+06
1.603981589999999926e+02 1.222894560000000000e+08 6.025597500000000000e+06
1.613280034000000001e+02 1.223021360000000000e+08 5.883191500000000000e+06
1.622578477999999791e+02 1.198229920000000000e+08 6.130352000000000000e+06
1.631876922000000150e+02 1.194507280000000000e+08 6.238997000000000000e+06
1.641175365999999940e+02 1.182841200000000000e+08 6.330741000000000000e+06
1.650473810000000299e+02 1.167584480000000000e+08 6.430150500000000000e+06
1.659772253999999805e+02 1.152332320000000000e+08 6.697787000000000000e+06
1.669070698000000448e+02 1.137168240000000000e+08 6.700571000000000000e+06
1.678369141999999954e+02 1.106864000000000000e+08 6.942863000000000000e+06
1.687667585999999744e+02 1.082949680000000000e+08 6.971097500000000000e+06
1.696966030000000103e+02 1.098564240000000000e+08 6.769288000000000000e+06
1.706264473999999893e+02 1.067838000000000000e+08 6.982514500000000000e+06
1.715562918000000252e+02 1.034163680000000000e+08 6.880022500000000000e+06
1.724861361999999758e+02 1.036659440000000000e+08 6.657659500000000000e+06
1.734159806000000401e+02 1.027692080000000000e+08 6.794267000000000000e+06
1.743458249999999907e+02 9.816819200000000000e+07 6.718813500000000000e+06
1.752756693999999698e+02 9.784288000000000000e+07 6.584260000000000000e+06
1.762055138000000056e+02 9.445771200000000000e+07 6.772798500000000000e+06
1.771353581999999847e+02 9.009186400000000000e+07 6.687238000000000000e+06
1.780652026000000205e+02 8.835962400000000000e+07 6.629458000000000000e+06
1.789950469999999996e+02 8.531053600000000000e+07 6.738731000000000000e+06
1.799248914000000354e+02 8.087128800000000000e+07 6.642934000000000000e+06
1.808547357999999861e+02 8.029788000000000000e+07 6.591919500000000000e+06
1.817845802000000219e+02 7.781571200000000000e+07 6.555918500000000000e+06
1.827144246000000010e+02 7.531574400000000000e+07 6.496839000000000000e+06
1.836442689999999800e+02 7.518535200000000000e+07 6.376528000000000000e+06
1.845741134000000159e+02 7.264367200000000000e+07 6.214265500000000000e+06
1.855039577999999949e+02 6.942954400000000000e+07 6.152305000000000000e+06
1.864338022000000308e+02 6.866918400000000000e+07 5.985704500000000000e+06
1.873636465999999814e+02 6.614661600000000000e+07 5.703818000000000000e+06
1.882934910000000173e+02 6.010318400000000000e+07 5.706234000000000000e+06
1.892233353999999963e+02 5.914797200000000000e+07 5.408766500000000000e+06
1.901531797999999753e+02 5.453898000000000000e+07 5.357132500000000000e+06
1.910830242000000112e+02 4.875416800000000000e+07 5.331158500000000000e+06
1.920128685999999902e+02 4.874357600000000000e+07 5.311474500000000000e+06
1.929427130000000261e+02 4.501241600000000000e+07 5.303811500000000000e+06
1.938725573999999767e+02 4.188612000000000000e+07 5.329555500000000000e+06
1.948024018000000126e+02 4.214843600000000000e+07 5.264582500000000000e+06
1.957322461999999916e+02 3.995594800000000000e+07 5.307188000000000000e+06
1.966620906000000275e+02 3.817216800000000000e+07 5.310343500000000000e+06
1.975919350000000065e+02 3.825252800000000000e+07 5.138245500000000000e+06
1.985217793999999856e+02 3.682466400000000000e+07 5.127183500000000000e+06
1.994516238000000214e+02 3.569330400000000000e+07 5.217356000000000000e+06
2.003814681999999721e+02 3.394269600000000000e+07 5.085177000000000000e+06
2.013113126000000079e+02 3.287813000000000000e+07 5.128149500000000000e+06
2.022411569999999870e+02 3.274283000000000000e+07 5.262553000000000000e+06
2.031710014000000228e+02 3.084538200000000000e+07 5.195981500000000000e+06
2.041008458000000019e+02 3.005921600000000000e+07 5.266229500000000000e+06
2.050306901999999809e+02 2.793333800000000000e+07 5.406009500000000000e+06
2.059605346000000168e+02 2.662443600000000000e+07 5.326570500000000000e+06
2.068903789999999674e+02 2.695695600000000000e+07 5.510739500000000000e+06
2.078202234000000033e+02 2.533629000000000000e+07 5.583488000000000000e+06
2.087500677999999823e+02 2.333903000000000000e+07 5.567612500000000000e+06
2.096799122000000182e+02 2.270812400000000000e+07 5.672152000000000000e+06
2.106097565999999972e+02 2.347784200000000000e+07 5.680432000000000000e+06
2.115396010000000331e+02 2.157454400000000000e+07 5.738351500000000000e+06
2.124694454000000121e+02 1.997502600000000000e+07 5.669002000000000000e+06
2.133992897999999627e+02 2.085131600000000000e+07 5.769870500000000000e+06
2.143291341999999986e+02 1.817123200000000000e+07 5.809727000000000000e+06
2.152589785999999776e+02 1.765869400000000000e+07 5.822178500000000000e+06
2.161888230000000135e+02 1.559164600000000000e+07 5.758544500000000000e+06
2.171186673999999925e+02 1.383071100000000000e+07 5.772884500000000000e+06
2.180485118000000284e+02 1.223726700000000000e+07 5.800685000000000000e+06
2.189783562000000074e+02 1.036504000000000000e+07 5.611662500000000000e+06
2.199082005999999581e+02 7.789034500000000000e+06 5.739473500000000000e+06
2.208380449999999939e+02 6.676148500000000000e+06 5.561230500000000000e+06
2.217678893999999730e+02 6.300537000000000000e+06 5.398232000000000000e+06
2.226977338000000088e+02 4.834600500000000000e+06 5.406860500000000000e+06
2.236275781999999879e+02 5.758735000000000000e+06 5.219794500000000000e+06
2.245574226000000237e+02 6.148097500000000000e+06 5.050096000000000000e+06
2.254872670000000028e+02 7.922549000000000000e+06 5.123501500000000000e+06
2.264171114000000387e+02 9.691257000000000000e+06 5.133885000000000000e+06
2.273469558000000177e+02 9.303850000000000000e+06 5.146171000000000000e+06
2.282768001999999683e+02 1.160536600000000000e+07 5.392303500000000000e+06
2.292066446000000042e+02 1.367473600000000000e+07 5.488596500000000000e+06
2.301364889999999832e+02 1.395342800000000000e+07 5.672835000000000000e+06
2.310663334000000191e+02 1.470263600000000000e+07 5.887407000000000000e+06
2.319961777999999981e+02 1.350751100000000000e+07 5.986855000000000000e+06
2.329260222000000340e+02 1.430999600000000000e+07 6.064623500000000000e+06
2.338558666000000130e+02 1.425026600000000000e+07 6.220554500000000000e+06
2.347857109999999636e+02 1.268807200000000000e+07 6.135563500000000000e+06
2.357155553999999995e+02 1.145468900000000000e+07 6.016749000000000000e+06
2.366453997999999785e+02 1.046716900000000000e+07 5.985017500000000000e+06
2.375752442000000144e+02 8.377911500000000000e+06 5.668860000000000000e+06
2.385050885999999934e+02 7.269674500000000000e+06 5.537847500000000000e+06
2.394349330000000293e+02 6.498337000000000000e+06 5.403179000000000000e+06
2.403647774000000084e+02 3.263790000000000000e+06 5.122393500000000000e+06
2.412946218000000442e+02 3.848673000000000000e+06 5.257179000000000000e+06
2.422244661999999948e+02 3.467468250000000000e+06 5.201317000000000000e+06
2.431543105999999739e+02 -5.515432500000000000e+05 5.137498000000000000e+06
2.440841550000000097e+02 1.929834750000000000e+06 5.428681500000000000e+06
2.450139993999999888e+02 2.751490750000000000e+06 5.306632500000000000e+06
2.459438438000000247e+02 -3.851450390625000000e+04 5.288324500000000000e+06
2.468736882000000037e+02 9.982706875000000000e+05 5.369637000000000000e+06
2.478035326000000396e+02 1.815470500000000000e+06 5.221518000000000000e+06
2.487333769999999902e+02 1.711074625000000000e+06 5.081866000000000000e+06
2.496632213999999692e+02 2.019937125000000000e+06 5.033858500000000000e+06
2.505930658000000051e+02 1.554689000000000000e+06 5.024178500000000000e+06
2.515229101999999841e+02 1.675555500000000000e+06 4.918455000000000000e+06
2.524527546000000200e+02 2.032742500000000000e+06 4.976157500000000000e+06
2.533825989999999990e+02 2.575582500000000000e+06 5.119617000000000000e+06
2.543124434000000349e+02 2.647138750000000000e+06 5.004643000000000000e+06
2.552422877999999855e+02 1.774080625000000000e+06 5.171536000000000000e+06
2.561721322000000214e+02 4.060078750000000000e+06 5.316707500000000000e+06
2.571019766000000004e+02 3.469734250000000000e+06 5.094137000000000000e+06
2.580318209999999794e+02 3.210186750000000000e+06 5.134997000000000000e+06
2.589616654000000153e+02 4.846959500000000000e+06 5.040973500000000000e+06
2.598915097999999944e+02 3.356112500000000000e+06 4.777479000000000000e+06
2.608213542000000302e+02 3.283839500000000000e+06 4.753409000000000000e+06
2.617511986000000093e+02 2.774266500000000000e+06 4.581478500000000000e+06
2.626810430000000451e+02 1.329597500000000000e+06 4.460468500000000000e+06
2.636108874000000242e+02 1.452771625000000000e+06 4.407415000000000000e+06
2.645407317999999464e+02 1.868680625000000000e+05 4.306086000000000000e+06
2.654705761999999822e+02 3.637438437500000000e+05 4.344236500000000000e+06
2.664004205999999613e+02 -3.847417812500000000e+05 4.334578000000000000e+06
2.673302649999999971e+02 -4.784215625000000000e+05 4.357718500000000000e+06
2.682601093999999762e+02 -2.421253281250000000e+05 4.543046500000000000e+06
2.691899538000000121e+02 -1.290468671875000000e+05 4.721746500000000000e+06
2.701197981999999911e+02 -9.972658750000000000e+05 4.807831000000000000e+06
2.710496426000000270e+02 4.159833750000000000e+05 5.023906000000000000e+06
2.719794870000000060e+02 1.555537812500000000e+05 5.046448500000000000e+06
2.729093313999999850e+02 2.495924375000000000e+05 5.076125000000000000e+06
2.738391758000000209e+02 9.195370625000000000e+05 4.921159000000000000e+06
2.747690201999999999e+02 1.657231875000000000e+06 4.766921000000000000e+06
2.756988646000000358e+02 5.444386875000000000e+05 4.599491000000000000e+06
2.766287090000000148e+02 4.483454375000000000e+05 4.357139500000000000e+06
2.775585534000000507e+02 7.875534375000000000e+04 4.213336000000000000e+06
2.784883977999999729e+02 3.277248125000000000e+05 4.120084500000000000e+06
2.794182421999999519e+02 3.123929687500000000e+05 4.134879750000000000e+06
2.803480865999999878e+02 1.095492265625000000e+05 4.185142250000000000e+06
2.812779309999999668e+02 1.193433500000000000e+06 4.262214000000000000e+06
2.822077754000000027e+02 1.225472375000000000e+06 4.298473500000000000e+06
2.831376197999999818e+02 2.003941000000000000e+06 4.359902500000000000e+06
2.840674642000000176e+02 3.552102500000000000e+06 4.388972500000000000e+06
2.849973085999999967e+02 4.508600500000000000e+06 4.384046500000000000e+06
2.859271530000000325e+02 5.268420000000000000e+06 4.402411000000000000e+06
2.868569974000000116e+02 6.774541000000000000e+06 4.452063500000000000e+06
2.877868417999999906e+02 6.663626000000000000e+06 4.443742000000000000e+06
2.887166862000000265e+02 6.838019000000000000e+06 4.549373500000000000e+06
2.896465306000000055e+02 7.714507000000000000e+06 4.548798000000000000e+06
2.905763750000000414e+02 7.715201000000000000e+06 4.531138500000000000e+06
2.915062193999999636e+02 7.685064000000000000e+06 4.561994500000000000e+06
2.924360638000000563e+02 7.019120500000000000e+06 4.504200000000000000e+06
2.933659081999999785e+02 7.564404000000000000e+06 4.476748500000000000e+06
2.942957525999999575e+02 7.754149500000000000e+06 4.431800500000000000e+06
2.952255969999999934e+02 7.059159000000000000e+06 4.466008500000000000e+06
2.961554413999999724e+02 6.712968500000000000e+06 4.460570500000000000e+06
2.970852858000000083e+02 6.556910000000000000e+06 4.457130500000000000e+06
2.980151301999999873e+02 5.380605500000000000e+06 4.408095000000000000e+06
2.989449746000000232e+02 4.163122750000000000e+06 4.316647000000000000e+06
2.998748190000000022e+02 3.415027000000000000e+06 4.335185000000000000e+06
3.008046634000000381e+02 1.355354625000000000e+06 4.306310000000000000e+06
3.017345078000000171e+02 6.022440000000000000e+05 4.288108000000000000e+06
3.026643521999999962e+02 -1.178390125000000000e+06 4.283448000000000000e+06
3.035941966000000320e+02 -9.367867500000000000e+05 4.286941000000000000e+06
3.045240409999999542e+02 -3.124552000000000000e+06 4.258873500000000000e+06
3.054538854000000470e+02 -3.662813000000000000e+06 4.264773500000000000e+06
3.063837297999999691e+02 -3.495032750000000000e+06 4.227342500000000000e+06
3.073135742000000050e+02 -5.230327500000000000e+06 4.220851000000000000e+06
3.082434185999999841e+02 -6.417874500000000000e+06 4.170051000000000000e+06
3.091732629999999631e+02 -4.385030500000000000e+06 4.152720250000000000e+06
3.101031073999999990e+02 -8.522050000000000000e+06 4.146766750000000000e+06
3.110329517999999780e+02 -7.692589000000000000e+06 4.190759750000000000e+06
3.119627962000000139e+02 -6.281366000000000000e+06 4.097862750000000000e+06
3.128926405999999929e+02 -8.653426000000000000e+06 4.221163500000000000e+06
3.138224850000000288e+02 -9.333590000000000000e+06 4.287001500000000000e+06
3.147523294000000078e+02 -6.725274500000000000e+06 4.213553500000000000e+06
3.156821738000000437e+02 -9.903927000000000000e+06 4.280689500000000000e+06
3.166120182000000227e+02 -9.767423000000000000e+06 4.298270500000000000e+06
3.175418625999999449e+02 -6.777907000000000000e+06 4.350193000000000000e+06
3.184717070000000376e+02 -9.796168000000000000e+06 4.365479500000000000e+06
3.194015513999999598e+02 -8.510316000000000000e+06 4.488445500000000000e+06
3.203313957999999957e+02 -6.662977000000000000e+06 4.454759500000000000e+06
3.212612401999999747e+02 -7.510095000000000000e+06 4.578162000000000000e+06
3.221910845999999538e+02 -7.199111500000000000e+06 4.491480000000000000e+06
3.231209289999999896e+02 -4.561833500000000000e+06 4.424359000000000000e+06
3.240507734000000255e+02 -5.344917000000000000e+06 4.377735500000000000e+06
3.249806178000000045e+02 -3.085553750000000000e+06 4.290279500000000000e+06
3.259104621999999836e+02 -1.612570250000000000e+06 4.095382000000000000e+06
3.268403066000000194e+02 -2.055549375000000000e+06 4.022708000000000000e+06
3.277701509999999985e+02 -1.556672375000000000e+06 3.882531500000000000e+06
3.286999954000000344e+02 1.842251625000000000e+06 3.819696500000000000e+06
3.296298398000000134e+02 1.871445750000000000e+06 3.755585000000000000e+06
3.305596841999999924e+02 2.294734000000000000e+06 3.695174750000000000e+06
3.314895286000000283e+02 4.965366500000000000e+06 3.699618000000000000e+06
3.324193730000000642e+02 4.910582000000000000e+06 3.661317000000000000e+06
3.333492173999999864e+02 5.963513000000000000e+06 3.631933000000000000e+06
3.342790617999999654e+02 7.304952000000000000e+06 3.630473000000000000e+06
3.352089062000000013e+02 8.230373500000000000e+06 3.621540500000000000e+06
3.361387505999999803e+02 7.897241500000000000e+06 3.636403750000000000e+06
3.370685950000000162e+02 8.065500000000000000e+06 3.618977750000000000e+06
3.379984393999999952e+02 8.118259000000000000e+06 3.620975750000000000e+06
3.389282837999999742e+02 7.166147000000000000e+06 3.633491250000000000e+06
3.398581282000000101e+02 6.600445000000000000e+06 3.612211250000000000e+06
3.407879726000000460e+02 6.663668500000000000e+06 3.598667250000000000e+06
3.417178170000000250e+02 5.110644500000000000e+06 3.649444750000000000e+06
3.426476614000000041e+02 4.072989250000000000e+06 3.701140750000000000e+06
3.435775057999999831e+02 3.563815500000000000e+06 3.730496000000000000e+06
3.445073502000000190e+02 1.982645500000000000e+06 3.787552000000000000e+06
3.454371946000000548e+02 1.080833984375000000e+05 3.832211500000000000e+06
3.463670389999999770e+02 -1.729380000000000000e+05 3.820325750000000000e+06
3.472968833999999561e+02 -2.061226875000000000e+06 3.760925000000000000e+06
3.482267277999999919e+02 -3.492197250000000000e+06 3.866803000000000000e+06
3.491565721999999710e+02 -3.070493000000000000e+06 3.774327250000000000e+06
3.500864166000000068e+02 -5.701903000000000000e+06 3.878547750000000000e+06
3.510162609999999859e+02 -5.999543500000000000e+06 3.921531000000000000e+06
3.519461053999999649e+02 -4.513856000000000000e+06 3.881835750000000000e+06
3.528759498000000008e+02 -5.983594500000000000e+06 3.895082500000000000e+06
3.538057942000000367e+02 -4.761320000000000000e+06 3.796406750000000000e+06
3.547356386000000157e+02 -3.293895000000000000e+06 3.686539250000000000e+06
3.556654829999999947e+02 -3.182817250000000000e+06 3.605766000000000000e+06
3.565953274000000306e+02 -2.553163500000000000e+06 3.547377500000000000e+06
3.575251718000000096e+02 -2.297087812500000000e+05 3.644553250000000000e+06
3.584550162000000455e+02 -3.493327500000000000e+05 3.599945500000000000e+06
3.593848605999999677e+02 5.314261875000000000e+05 3.719058500000000000e+06
3.603147049999999467e+02 2.757317500000000000e+05 3.882779000000000000e+06
3.612445493999999826e+02 -4.382905468750000000e+04 3.842245250000000000e+06
3.621743938000000185e+02 -5.644769531250000000e+04 3.907324000000000000e+06
3.631042381999999975e+02 -8.031897500000000000e+05 3.907589500000000000e+06
3.640340825999999765e+02 -1.302822625000000000e+06 3.718913750000000000e+06
3.649639270000000124e+02 -9.670166250000000000e+05 3.814842000000000000e+06
3.658937713999999914e+02 -2.510696000000000000e+06 3.637245500000000000e+06
3.668236158000000273e+02 -2.821091250000000000e+06 3.565412000000000000e+06
3.677534602000000064e+02 -4.049042250000000000e+06 3.680397000000000000e+06
3.686833045999999854e+02 -3.671368250000000000e+06 3.550134000000000000e+06
3.696131490000000213e+02 -3.497221500000000000e+06 3.581182500000000000e+06
3.705429934000000571e+02 -3.505855500000000000e+06 3.654735750000000000e+06
3.714728378000000362e+02 -3.754054500000000000e+06 3.574946250000000000e+06
3.724026821999999584e+02 -2.557515000000000000e+06 3.559076750000000000e+06
3.733325265999999374e+02 -2.068657500000000000e+06 3.532635750000000000e+06
3.742623709999999733e+02 -7.470046875000000000e+05 3.490112750000000000e+06
3.751922154000000091e+02 1.817029843750000000e+05 3.516323500000000000e+06
3.761220597999999882e+02 -7.054176875000000000e+05 3.586177000000000000e+06
3.770519041999999672e+02 1.057989625000000000e+06 3.512954750000000000e+06
3.779817486000000031e+02 -6.453650625000000000e+05 3.650104250000000000e+06
3.789115929999999821e+02 -1.935621000000000000e+06 3.698650750000000000e+06
3.798414374000000180e+02 -1.255916250000000000e+06 3.655929750000000000e+06
3.807712817999999970e+02 -3.130589000000000000e+06 3.702673500000000000e+06
3.817011261999999761e+02 -4.515507500000000000e+06 3.709254000000000000e+06
3.826309706000000119e+02 -4.811094000000000000e+06 3.714505750000000000e+06
3.835608150000000478e+02 -6.156876500000000000e+06 3.645358500000000000e+06
3.844906594000000268e+02 -6.795366000000000000e+06 3.650521500000000000e+06
3.854205038000000059e+02 -6.880199500000000000e+06 3.698679000000000000e+06
3.863503482000000417e+02 -7.984562000000000000e+06 3.621535500000000000e+06
3.872801925999999639e+02 -7.609905000000000000e+06 3.548047250000000000e+06
3.882100369999999998e+02 -7.625424000000000000e+06 3.568476500000000000e+06
3.891398813999999788e+02 -7.222570500000000000e+06 3.501704500000000000e+06
3.900697257999999579e+02 -6.128527500000000000e+06 3.401835000000000000e+06
3.909995701999999937e+02 -4.827539500000000000e+06 3.434007250000000000e+06
3.919294146000000296e+02 -3.146610500000000000e+06 3.402093000000000000e+06
3.928592590000000087e+02 -8.379512500000000000e+05 3.439603750000000000e+06
3.937891033999999877e+02 6.420905000000000000e+05 3.505051750000000000e+06
3.947189478000000236e+02 2.650424750000000000e+06 3.475989500000000000e+06
3.956487922000000026e+02 4.949534000000000000e+06 3.561243500000000000e+06
3.965786366000000385e+02 5.237925000000000000e+06 3.541113500000000000e+06
3.975084810000000175e+02 6.269869000000000000e+06 3.500038250000000000e+06
3.984383253999999965e+02 6.063886000000000000e+06 3.580776000000000000e+06
3.993681698000000324e+02 5.921283500000000000e+06 3.522339250000000000e+06
4.002980142000000683e+02 4.713697500000000000e+06 3.522405000000000000e+06
4.012278585999999905e+02 4.241013500000000000e+06 3.630842250000000000e+06
4.021577029999999695e+02 2.320183000000000000e+06 3.477017750000000000e+06
4.030875473999999485e+02 2.247896750000000000e+06 3.548577000000000000e+06
4.040173917999999844e+02 5.154614375000000000e+05 3.586109250000000000e+06
4.049472362000000203e+02 1.271942625000000000e+06 3.463434000000000000e+06
4.058770805999999993e+02 6.744806250000000000e+05 3.605036000000000000e+06
4.068069249999999784e+02 2.950091875000000000e+05 3.684001500000000000e+06
4.077367694000000142e+02 2.359986500000000000e+06 3.694147750000000000e+06
4.086666137999999933e+02 1.238811875000000000e+06 3.813140250000000000e+06
4.095964582000000291e+02 3.086010312500000000e+05 3.870370500000000000e+06
4.105263026000000082e+02 2.789198250000000000e+06 3.802476000000000000e+06
4.114561469999999872e+02 1.001328625000000000e+06 3.835761250000000000e+06
4.123859914000000231e+02 8.485224375000000000e+05 3.847809000000000000e+06
4.133158358000000590e+02 2.473350250000000000e+06 3.806459750000000000e+06
4.142456801999999811e+02 1.423937875000000000e+06 3.827379750000000000e+06
4.151755245999999602e+02 1.368555000000000000e+06 3.844668750000000000e+06
4.161053689999999960e+02 3.879112500000000000e+06 3.803224000000000000e+06
4.170352133999999751e+02 3.795576750000000000e+06 3.879090750000000000e+06
4.179650578000000110e+02 3.239192000000000000e+06 3.858276250000000000e+06
4.188949021999999900e+02 6.536017000000000000e+06 3.837085250000000000e+06
4.198247465999999690e+02 4.108762250000000000e+06 3.826890500000000000e+06
4.207545910000000049e+02 4.937773000000000000e+06 3.704536250000000000e+06
4.216844354000000408e+02 4.442030000000000000e+06 3.637081000000000000e+06
4.226142798000000198e+02 2.591622500000000000e+06 3.580340250000000000e+06
4.235441241999999988e+02 2.098539250000000000e+06 3.391989250000000000e+06
4.244739686000000347e+02 5.391246875000000000e+05 3.394896750000000000e+06
4.254038130000000137e+02 -3.410535312500000000e+05 3.339944250000000000e+06
4.263336574000000496e+02 -1.137768750000000000e+06 3.298815500000000000e+06
4.272635018000000287e+02 -2.081275875000000000e+06 3.306061000000000000e+06
4.281933461999999508e+02 -2.096890875000000000e+06 3.313050500000000000e+06
4.291231905999999867e+02 -1.149423375000000000e+06 3.322740500000000000e+06
4.300530350000000226e+02 -1.983302125000000000e+06 3.381708500000000000e+06
4.309828794000000016e+02 -4.694927812500000000e+05 3.419289750000000000e+06
4.319127237999999807e+02 -5.239727500000000000e+05 3.520530250000000000e+06
4.328425681999999597e+02 -1.158791625000000000e+06 3.538667250000000000e+06
4.337724125999999956e+02 1.661513750000000000e+05 3.630743750000000000e+06
4.347022570000000314e+02 1.032171625000000000e+06 3.641188250000000000e+06
4.356321014000000105e+02 -1.070171375000000000e+06 3.657442750000000000e+06
4.365619457999999895e+02 9.262159375000000000e+05 3.649521000000000000e+06
4.374917902000000254e+02 4.486255312500000000e+05 3.576267000000000000e+06
4.384216346000000044e+02 -4.537172187500000000e+05 3.526891000000000000e+06
4.393514790000000403e+02 8.459717500000000000e+05 3.495108500000000000e+06
4.402813234000000193e+02 1.409695468750000000e+05 3.471555000000000000e+06
4.412111677999999415e+02 -5.033070625000000000e+05 3.454853000000000000e+06
4.421410121999999774e+02 1.453897875000000000e+06 3.403638750000000000e+06
4.430708566000000133e+02 -1.581929375000000000e+05 3.423756750000000000e+06
4.440007009999999923e+02 2.165670468750000000e+05 3.396976750000000000e+06
4.449305453999999713e+02 4.208310625000000000e+05 3.325172000000000000e+06
4.458603898000000072e+02 3.905307500000000000e+05 3.308943500000000000e+06
4.467902341999999862e+02 -1.393040000000000000e+06 3.318367250000000000e+06
4.477200786000000221e+02 -6.234574375000000000e+05 3.290411000000000000e+06
4.486499230000000011e+02 -1.559905250000000000e+06 3.285114500000000000e+06
4.495797673999999802e+02 -1.378222125000000000e+06 3.323770750000000000e+06
4.505096118000000160e+02 -9.448437500000000000e+05 3.308598750000000000e+06
4.514394562000000519e+02 -1.274027125000000000e+06 3.357050750000000000e+06
4.523693006000000310e+02 -4.652652812500000000e+05 3.394017500000000000e+06
4.532991450000000100e+02 -6.095464843750000000e+04 3.411707250000000000e+06
4.542289894000000459e+02 -9.093637500000000000e+05 3.367601250000000000e+06
4.551588337999999681e+02 -8.883737500000000000e+05 3.392308500000000000e+06
4.560886782000000039e+02 -8.771906875000000000e+05 3.380978250000000000e+06
4.570185225999999830e+02 -1.978140875000000000e+06 3.393386500000000000e+06
4.579483669999999620e+02 -2.349339750000000000e+06 3.453144500000000000e+06
4.588782113999999979e+02 -3.132880000000000000e+06 3.425025500000000000e+06
4.598080558000000337e+02 -3.769682500000000000e+06 3.419951500000000000e+06
4.607379002000000128e+02 -4.126945000000000000e+06 3.508548000000000000e+06
4.616677445999999918e+02 -4.094965000000000000e+06 3.475139500000000000e+06
4.625975889999999708e+02 -2.805521750000000000e+06 3.412789250000000000e+06
4.635274334000000067e+02 -2.664973250000000000e+06 3.457287000000000000e+06
4.644572778000000426e+02 -2.717749750000000000e+06 3.371944750000000000e+06
4.653871222000000216e+02 -2.145768750000000000e+05 3.332182500000000000e+06
4.663169666000000007e+02 1.064325250000000000e+06 3.372489000000000000e+06
4.672468110000000365e+02 2.463829531250000000e+05 3.255255500000000000e+06
4.681766553999999587e+02 2.290892250000000000e+06 3.273569000000000000e+06
4.691064997999999946e+02 2.901159750000000000e+06 3.303712500000000000e+06
4.700363441999999736e+02 1.686936750000000000e+06 3.253381750000000000e+06
4.709661885999999527e+02 3.106183750000000000e+06 3.292342750000000000e+06
4.718960329999999885e+02 2.138688250000000000e+06 3.317175250000000000e+06
4.728258774000000244e+02 1.033839812500000000e+06 3.331735500000000000e+06
4.737557218000000034e+02 1.345644375000000000e+06 3.326393750000000000e+06
4.746855661999999825e+02 7.079357500000000000e+05 3.350422250000000000e+06
4.756154106000000183e+02 -2.861059062500000000e+05 3.378922000000000000e+06
4.765452549999999974e+02 -4.373869062500000000e+05 3.307855000000000000e+06
4.774750994000000333e+02 -7.803847500000000000e+05 3.318778000000000000e+06
4.784049438000000123e+02 -9.349641250000000000e+05 3.267159250000000000e+06
4.793347881999999913e+02 -2.079481250000000000e+05 3.234995000000000000e+06
4.802646326000000272e+02 2.468783906250000000e+05 3.216003750000000000e+06
4.811944770000000631e+02 7.802156250000000000e+05 3.271032750000000000e+06
4.821243214000000421e+02 2.273435500000000000e+06 3.318588750000000000e+06
4.830541657999999643e+02 2.022059875000000000e+06 3.375283500000000000e+06
4.839840102000000002e+02 3.451990250000000000e+06 3.438944750000000000e+06
4.849138545999999792e+02 3.983358000000000000e+06 3.463964250000000000e+06
4.858436990000000151e+02 3.428021250000000000e+06 3.396887250000000000e+06
4.867735433999999941e+02 3.954135500000000000e+06 3.406310750000000000e+06
4.877033877999999731e+02 3.416025750000000000e+06 3.352595250000000000e+06
4.886332322000000090e+02 2.703480500000000000e+06 3.251878750000000000e+06
4.895630766000000449e+02 2.680596250000000000e+06 3.261336000000000000e+06
4.904929210000000239e+02 2.323829500000000000e+06 3.172031750000000000e+06
4.914227654000000030e+02 1.535435750000000000e+06 3.171914250000000000e+06
4.923526097999999820e+02 2.377734250000000000e+06 3.106637750000000000e+06
4.932824542000000179e+02 1.393884875000000000e+06 3.056510000000000000e+06
4.942122986000000537e+02 1.650923125000000000e+06 3.050200000000000000e+06
4.951421430000000328e+02 2.560620750000000000e+06 2.956860500000000000e+06
4.960719873999999550e+02 8.309881875000000000e+05 2.980851750000000000e+06
4.970018317999999908e+02 7.623298125000000000e+05 3.014797500000000000e+06
4.979316761999999699e+02 8.824036875000000000e+05 3.021166500000000000e+06
4.988615206000000057e+02 -9.660719375000000000e+05 3.116939250000000000e+06
4.997913649999999848e+02 -1.879044125000000000e+06 3.151533500000000000e+06
5.007212093999999638e+02 -2.210733250000000000e+06 3.248024750000000000e+06
5.016510537999999997e+02 -3.867882500000000000e+06 3.217045750000000000e+06
5.025808982000000356e+02 -4.283355000000000000e+06 3.278266500000000000e+06
5.035107426000000146e+02 -4.968808500000000000e+06 3.324046000000000000e+06
5.044405869999999936e+02 -5.653162500000000000e+06 3.346418500000000000e+06
5.053704314000000295e+02 -5.721599500000000000e+06 3.320743000000000000e+06
5.063002758000000085e+02 -4.771391000000000000e+06 3.418348500000000000e+06
5.072301202000000444e+02 -4.172816500000000000e+06 3.333692000000000000e+06
5.081599646000000234e+02 -2.791306250000000000e+06 3.322191000000000000e+06
5.090898089999999456e+02 -1.774520875000000000e+06 3.314288250000000000e+06
5.100196533999999815e+02 2.492191875000000000e+05 3.222155000000000000e+06
5.109494978000000174e+02 1.652695750000000000e+06 3.218399500000000000e+06
5.118793421999999964e+02 3.230782000000000000e+06 3.190808000000000000e+06
5.128091865999999754e+02 4.462189500000000000e+06 3.092100750000000000e+06
5.137390310000000682e+02 4.525399500000000000e+06 3.060137750000000000e+06
5.146688754000000472e+02 5.095980000000000000e+06 3.049763250000000000e+06
5.155987198000000262e+02 4.523214500000000000e+06 2.985816750000000000e+06
5.165285642000000053e+02 4.389148500000000000e+06 3.024135500000000000e+06
5.174584085999999843e+02 4.085164750000000000e+06 3.055590250000000000e+06
5.183882529999999633e+02 3.536097500000000000e+06 3.110616000000000000e+06
5.193180974000000560e+02 3.065149750000000000e+06 3.159078000000000000e+06
5.202479418000000351e+02 3.144642000000000000e+06 3.233476500000000000e+06
5.211777862000000141e+02 2.734909000000000000e+06 3.241825750000000000e+06
5.221076305999999931e+02 2.117651250000000000e+06 3.309401250000000000e+06
5.230374749999999722e+02 2.735791500000000000e+06 3.331770000000000000e+06
5.239673194000000649e+02 1.251616500000000000e+06 3.344792000000000000e+06
5.248971638000000439e+02 7.821405625000000000e+05 3.340087250000000000e+06
5.258270082000000230e+02 2.756935937500000000e+05 3.315800000000000000e+06
5.267568526000000020e+02 -8.994946875000000000e+05 3.240565250000000000e+06
5.276866969999999810e+02 -1.057395875000000000e+06 3.187924500000000000e+06
5.286165414000000737e+02 -1.447628625000000000e+06 3.174945500000000000e+06
5.295463857999999391e+02 -1.013442937500000000e+06 3.132452000000000000e+06
5.304762301999999181e+02 -1.770219875000000000e+06 3.128677500000000000e+06
5.314060746000000108e+02 -1.060891125000000000e+06 3.150898500000000000e+06
5.323359189999999899e+02 -8.888611250000000000e+05 3.162377000000000000e+06
5.332657633999999689e+02 -1.319931250000000000e+06 3.160654500000000000e+06
5.341956077999999479e+02 -1.585219625000000000e+06 3.194702750000000000e+06
5.351254522000000406e+02 -1.034552875000000000e+06 3.259313250000000000e+06
5.360552966000000197e+02 -2.285277250000000000e+06 3.317256000000000000e+06
5.369851409999999987e+02 -2.117866500000000000e+06 3.357329500000000000e+06
5.379149853999999777e+02 -1.669993875000000000e+06 3.340515000000000000e+06
5.388448297999999568e+02 -1.949885250000000000e+06 3.334713500000000000e+06
5.397746742000000495e+02 -2.323944750000000000e+06 3.255439750000000000e+06
5.407045186000000285e+02 -6.940880000000000000e+05 3.221041500000000000e+06
5.416343630000000076e+02 -1.294680875000000000e+06 3.156487000000000000e+06
5.425642073999999866e+02 -1.733689625000000000e+06 3.120043750000000000e+06
5.434940518000000793e+02 -1.132084750000000000e+06 3.064121250000000000e+06
5.444238961999999447e+02 -1.506450750000000000e+06 3.022749250000000000e+06
5.453537406000000374e+02 -1.367884125000000000e+06 3.041000750000000000e+06
5.462835850000000164e+02 -1.707264750000000000e+06 3.022236000000000000e+06
5.472134293999999954e+02 -1.584954875000000000e+06 3.034697000000000000e+06
5.481432737999999745e+02 -1.350525500000000000e+06 3.137298750000000000e+06
5.490731182000000672e+02 2.177029218750000000e+05 3.177033250000000000e+06
5.500029626000000462e+02 -9.671490000000000000e+05 3.138488000000000000e+06
5.509328070000000253e+02 -2.933843750000000000e+05 3.092900000000000000e+06
5.518626514000000043e+02 4.129825000000000000e+05 3.146937750000000000e+06
5.527924957999999833e+02 1.655057500000000000e+05 3.022626250000000000e+06
5.537223402000000760e+02 -2.627089062500000000e+04 2.954614500000000000e+06
5.546521846000000551e+02 6.214731875000000000e+05 3.029678250000000000e+06
5.555820289999999204e+02 -3.287970625000000000e+05 3.053730250000000000e+06
5.565118734000000131e+02 5.743785000000000000e+05 3.083516250000000000e+06
5.574417177999999922e+02 -5.375986875000000000e+05 3.155211750000000000e+06
5.583715621999999712e+02 9.292909375000000000e+05 3.167566000000000000e+06
5.593014065999999502e+02 9.953240000000000000e+05 3.198357750000000000e+06
5.602312509999999293e+02 4.918916875000000000e+05 3.182256750000000000e+06
5.611610954000000220e+02 1.632550375000000000e+06 3.165519250000000000e+06
5.620909398000000010e+02 1.763177375000000000e+06 3.171686000000000000e+06
5.630207841999999800e+02 1.514267187500000000e+05 3.142747000000000000e+06
5.639506285999999591e+02 1.637979250000000000e+06 3.126020000000000000e+06
5.648804730000000518e+02 6.208467500000000000e+05 3.158008500000000000e+06
5.658103174000000308e+02 -1.504833750000000000e+05 3.200894750000000000e+06
5.667401618000000099e+02 4.769656250000000000e+05 3.236165500000000000e+06
5.676700061999999889e+02 -5.030401953125000000e+04 3.194980000000000000e+06
5.685998505999999679e+02 -2.045789375000000000e+05 3.174447500000000000e+06
5.695296950000000606e+02 4.104273437500000000e+05 3.107998000000000000e+06
5.704595394000000397e+02 1.280098437500000000e+05 3.020936500000000000e+06
5.713893838000000187e+02 1.316188250000000000e+06 3.001250500000000000e+06
5.723192281999999977e+02 1.539880125000000000e+06 2.976800750000000000e+06
5.732490725999999768e+02 1.401499125000000000e+06 2.919251000000000000e+06
5.741789169999999558e+02 2.126119500000000000e+06 2.980121000000000000e+06
5.751087614000000485e+02 2.119100000000000000e+06 2.949646750000000000e+06
5.760386058000000276e+02 1.711042125000000000e+06 2.952036000000000000e+06
5.769684502000000066e+02 7.973134375000000000e+05 2.993786500000000000e+06
5.778982945999999856e+02 -4.148096250000000000e+05 2.999193000000000000e+06
5.788281390000000783e+02 -8.521271875000000000e+05 2.980242750000000000e+06
5.797579834000000574e+02 -3.169954500000000000e+06 2.941151500000000000e+06
5.806878278000000364e+02 -4.828562500000000000e+06 3.005322250000000000e+06
5.816176721999999017e+02 -5.235012000000000000e+06 2.997191250000000000e+06
5.825475165999999945e+02 -6.537419500000000000e+06 2.981396250000000000e+06
5.834773610000000872e+02 -7.412741000000000000e+06 3.109281000000000000e+06
5.844072053999999525e+02 -6.508550500000000000e+06 3.141014250000000000e+06
5.853370497999999316e+02 -6.786981000000000000e+06 3.193173750000000000e+06
5.862668942000000243e+02 -5.984694500000000000e+06 3.216879750000000000e+06
5.871967386000000033e+02 -4.442847000000000000e+06 3.181077500000000000e+06
5.881265829999999823e+02 -4.419173500000000000e+06 3.164505250000000000e+06
5.890564273999999614e+02 -2.774686250000000000e+06 3.087386000000000000e+06
5.899862717999999404e+02 -1.548029375000000000e+06 3.015738750000000000e+06
5.909161162000000331e+02 -2.281723500000000000e+06 3.066337000000000000e+06
5.918459606000000122e+02 -1.523306750000000000e+06 3.013777750000000000e+06
5.927758049999999912e+02 -1.226190000000000000e+06 3.073776000000000000e+06
5.937056493999999702e+02 -1.260938500000000000e+06 3.149741500000000000e+06
5.946354938000000629e+02 -1.300283125000000000e+06 3.094742750000000000e+06
5.955653382000000420e+02 -1.243045000000000000e+06 3.089398500000000000e+06
5.964951826000000210e+02 -5.456618125000000000e+05 3.125061500000000000e+06
5.974250270000000000e+02 -1.009935937500000000e+06 3.056719750000000000e+06
5.983548713999999791e+02 -1.395137968750000000e+05 3.054829000000000000e+06
5.992847157999999581e+02 6.572176250000000000e+05 3.037954250000000000e+06
6.002145602000000508e+02 1.225730750000000000e+06 2.986016000000000000e+06
6.011444046000000299e+02 1.212079000000000000e+06 2.951149250000000000e+06
6.020742490000000089e+02 1.841734875000000000e+06 2.931357000000000000e+06
6.030040933999999879e+02 1.640026250000000000e+06 2.903798000000000000e+06
6.039339377999999670e+02 2.036991125000000000e+06 2.910801250000000000e+06
6.048637822000000597e+02 2.655517500000000000e+06 2.965570750000000000e+06
6.057936266000000387e+02 1.842945000000000000e+06 2.942129250000000000e+06
6.067234710000000177e+02 1.881859875000000000e+06 2.955385000000000000e+06
6.076533153999999968e+02 2.752825750000000000e+06 3.013691000000000000e+06
6.085831598000000895e+02 1.967771875000000000e+06 2.937729250000000000e+06
6.095130042000000685e+02 1.842962000000000000e+06 2.947568250000000000e+06
6.104428485999999339e+02 2.443723500000000000e+06 2.970846000000000000e+06
6.113726929999999129e+02 2.255541750000000000e+06 2.962409000000000000e+06
6.123025374000000056e+02 1.367000000000000000e+06 3.000057000000000000e+06
6.132323817999999847e+02 1.127930000000000000e+06 3.028282750000000000e+06
6.141622261999999637e+02 1.249151875000000000e+06 3.024168750000000000e+06
6.150920705999999427e+02 2.444514453125000000e+04 3.004841750000000000e+06
6.160219150000000354e+02 -2.324423242187500000e+04 3.016213750000000000e+06
6.169517594000000145e+02 -5.183517500000000000e+05 3.016283750000000000e+06
6.178816037999999935e+02 -8.855556250000000000e+05 2.935675250000000000e+06
6.188114481999999725e+02 -1.102989125000000000e+06 2.973672750000000000e+06
6.197412925999999516e+02 -1.116479250000000000e+06 2.933517500000000000e+06
6.206711370000000443e+02 -3.344813750000000000e+05 2.939601000000000000e+06
6.216009814000000233e+02 -5.544119375000000000e+05 2.984761500000000000e+06
6.225308258000000023e+02 2.745185000000000000e+05 2.946844750000000000e+06
6.234606701999999814e+02 9.461841250000000000e+05 2.940444750000000000e+06
6.243905146000000741e+02 2.233904750000000000e+06 2.974544500000000000e+06
6.253203589999999394e+02 2.612882000000000000e+06 2.915702750000000000e+06
6.262502034000000322e+02 3.210101750000000000e+06 2.925664000000000000e+06
6.271800478000000112e+02 4.739623000000000000e+06 2.922246750000000000e+06
6.281098921999999902e+02 4.520295500000000000e+06 2.929912000000000000e+06
6.290397365999999693e+02 4.184642250000000000e+06 2.968211250000000000e+06
6.299695810000000620e+02 5.566543000000000000e+06 2.966757000000000000e+06
6.308994254000000410e+02 4.234986000000000000e+06 2.997711250000000000e+06
6.318292698000000200e+02 3.547934000000000000e+06 3.047919750000000000e+06
6.327591141999999991e+02 4.615413000000000000e+06 2.999286750000000000e+06
6.336889585999999781e+02 2.987041250000000000e+06 3.001168500000000000e+06
6.346188030000000708e+02 3.253035750000000000e+06 2.988801500000000000e+06
6.355486474000000499e+02 3.597275750000000000e+06 2.962661000000000000e+06
6.364784917999999152e+02 2.926197750000000000e+06 2.926248000000000000e+06
6.374083362000000079e+02 3.613314500000000000e+06 2.900826000000000000e+06
6.383381806000001006e+02 3.110300250000000000e+06 2.888813750000000000e+06
6.392680249999999660e+02 3.696171750000000000e+06 2.819660500000000000e+06
6.401978693999999450e+02 3.872739250000000000e+06 2.811157750000000000e+06
6.411277137999999240e+02 3.327087750000000000e+06 2.786897500000000000e+06
6.420575581999999031e+02 3.474837750000000000e+06 2.787519000000000000e+06
6.429874025999999958e+02 3.494579250000000000e+06 2.778800750000000000e+06
6.439172469999999748e+02 2.078488375000000000e+06 2.809214500000000000e+06
6.448470913999999539e+02 2.490690750000000000e+06 2.820570750000000000e+06
6.457769358000000466e+02 2.337198750000000000e+06 2.827979000000000000e+06
6.467067801999999119e+02 8.516471093750000000e+04 2.858556000000000000e+06
6.476366246000000046e+02 1.192885000000000000e+06 2.932653250000000000e+06
6.485664689999999837e+02 1.211160375000000000e+06 2.959793250000000000e+06
6.494963133999999627e+02 -3.679932500000000000e+05 2.975288750000000000e+06
6.504261578000000554e+02 8.876452500000000000e+05 3.008292000000000000e+06
6.513560021999999208e+02 3.291703750000000000e+05 2.991532500000000000e+06
6.522858466000000135e+02 7.754118750000000000e+05 2.950559500000000000e+06
6.532156910000001062e+02 7.225891250000000000e+05 2.889921500000000000e+06
6.541455353999999716e+02 8.159160000000000000e+05 2.901941750000000000e+06
6.550753798000000643e+02 9.228818125000000000e+05 2.849472000000000000e+06
6.560052241999999296e+02 1.765067125000000000e+06 2.869771000000000000e+06
6.569350686000000223e+02 2.299816250000000000e+06 2.856189750000000000e+06
6.578649130000001151e+02 2.113838750000000000e+06 2.882057500000000000e+06
6.587947573999999804e+02 2.043629000000000000e+06 2.877355500000000000e+06
6.597246018000000731e+02 1.407304500000000000e+06 2.839176000000000000e+06
6.606544462000000522e+02 1.282276250000000000e+06 2.810521750000000000e+06
6.615842906000000312e+02 2.202182500000000000e+06 2.775421500000000000e+06
6.625141350000001239e+02 7.462896875000000000e+05 2.737243250000000000e+06
6.634439793999998756e+02 5.203520000000000000e+05 2.715470000000000000e+06
6.643738238000000820e+02 9.417858125000000000e+05 2.769234750000000000e+06
6.653036681999999473e+02 5.019385625000000000e+05 2.814500500000000000e+06
6.662335125999999264e+02 -1.773353125000000000e+05 2.852717000000000000e+06
6.671633570000001328e+02 -1.909043125000000000e+05 2.935754750000000000e+06
6.680932013999998844e+02 -6.902785625000000000e+05 2.974291000000000000e+06
6.690230457999999771e+02 -4.745372812500000000e+05 2.991849000000000000e+06
6.699528902000001835e+02 -9.085112500000000000e+05 3.029649250000000000e+06
6.708827345999999352e+02 -1.964706250000000000e+05 2.987743000000000000e+06
6.718125790000000279e+02 5.273715000000000000e+05 3.018706250000000000e+06
6.727424233999998933e+02 6.030059375000000000e+05 3.044388250000000000e+06
6.736722677999999860e+02 2.059011750000000000e+06 3.067113500000000000e+06
6.746021122000000787e+02 2.190040750000000000e+06 3.096540500000000000e+06
6.755319565999999440e+02 2.386529000000000000e+06 3.123529000000000000e+06
6.764618010000000368e+02 2.843634500000000000e+06 3.132854750000000000e+06
6.773916453999999021e+02 3.206367750000000000e+06 3.096637500000000000e+06
6.783214897999999948e+02 2.394697500000000000e+06 3.053512500000000000e+06
6.792513342000000875e+02 1.756259375000000000e+06 3.030741500000000000e+06
6.801811785999999529e+02 1.415426625000000000e+06 2.945359250000000000e+06
6.811110230000000456e+02 3.675039375000000000e+05 2.885260000000000000e+06
6.820408674000000246e+02 -8.827302500000000000e+05 2.871528250000000000e+06
6.829707118000000037e+02 -6.455866875000000000e+05 2.787020000000000000e+06
6.839005562000000964e+02 -2.868825250000000000e+06 2.786948500000000000e+06
6.848304005999999617e+02 -2.639567750000000000e+06 2.805886250000000000e+06
6.857602450000000545e+02 -1.841074625000000000e+06 2.792728250000000000e+06
6.866900894000000335e+02 -3.666167750000000000e+06 2.847920500000000000e+06
6.876199338000000125e+02 -3.186435750000000000e+06 2.847378500000000000e+06
6.885497782000001052e+02 -2.192865500000000000e+06 2.865267250000000000e+06
6.894796225999998569e+02 -2.731140250000000000e+06 2.892047250000000000e+06
6.904094670000000633e+02 -2.636651500000000000e+06 2.867595750000000000e+06
6.913393114000001560e+02 -1.394996000000000000e+06 2.863052500000000000e+06
6.922691557999999077e+02 -1.870296250000000000e+06 2.841401750000000000e+06
6.931990002000001141e+02 -2.135512500000000000e+06 2.829235000000000000e+06
6.941288445999998657e+02 -1.704754250000000000e+06 2.861202750000000000e+06
6.950586889999999585e+02 -1.600238500000000000e+06 2.836484000000000000e+06
6.959885334000001649e+02 -1.851179750000000000e+06 2.834847500000000000e+06
6.969183777999999165e+02 -2.427473750000000000e+06 2.855525250000000000e+06
6.978482222000000093e+02 -2.447463500000000000e+06 2.827169750000000000e+06
6.987780665999998746e+02 -2.880763500000000000e+06 2.808751000000000000e+06
6.997079109999999673e+02 -4.101333250000000000e+06 2.806374000000000000e+06
7.006377554000000600e+02 -3.398963250000000000e+06 2.809350250000000000e+06
7.015675997999999254e+02 -3.918164750000000000e+06 2.782592500000000000e+06
7.024974442000000181e+02 -3.751371500000000000e+06 2.785289750000000000e+06
7.034272885999999971e+02 -3.211605500000000000e+06 2.788508000000000000e+06
7.043571329999999762e+02 -2.596009500000000000e+06 2.779389000000000000e+06
7.052869774000000689e+02 -1.867303000000000000e+06 2.745236250000000000e+06
7.062168217999999342e+02 -1.770451125000000000e+06 2.741404750000000000e+06
7.071466662000000269e+02 -1.341644125000000000e+06 2.742303500000000000e+06
7.080765106000000060e+02 -1.154408500000000000e+06 2.707485500000000000e+06
7.090063549999999850e+02 -1.075104250000000000e+06 2.734233250000000000e+06
7.099361994000000777e+02 -2.231063250000000000e+06 2.738614250000000000e+06
7.108660437999999431e+02 -1.414785500000000000e+06 2.770284750000000000e+06
7.117958882000000358e+02 -1.550682000000000000e+06 2.791082250000000000e+06
7.127257326000001285e+02 -3.547885000000000000e+06 2.843139500000000000e+06
7.136555769999999939e+02 -2.100895000000000000e+06 2.866313750000000000e+06
7.145854214000000866e+02 -2.716068750000000000e+06 2.875417000000000000e+06
7.155152657999998382e+02 -3.281435500000000000e+06 2.903786500000000000e+06
7.164451102000000446e+02 -3.265665250000000000e+06 2.922337250000000000e+06
7.173749546000001374e+02 -3.703268250000000000e+06 2.905196500000000000e+06
7.183047989999998890e+02 -4.138004500000000000e+06 2.919682000000000000e+06
7.192346434000000954e+02 -4.509928500000000000e+06 2.871501750000000000e+06
7.201644877999999608e+02 -5.493085500000000000e+06 2.883106750000000000e+06
7.210943321999999398e+02 -4.907851500000000000e+06 2.820283000000000000e+06
7.220241766000001462e+02 -5.713971500000000000e+06 2.765879250000000000e+06
7.229540209999998979e+02 -6.967039000000000000e+06 2.804511750000000000e+06
7.238838653999999906e+02 -5.732262500000000000e+06 2.786429000000000000e+06
7.248137097999999696e+02 -6.098177500000000000e+06 2.785745500000000000e+06
7.257435541999999487e+02 -5.905609500000000000e+06 2.838378500000000000e+06
7.266733986000000414e+02 -5.302887500000000000e+06 2.802984250000000000e+06
7.276032429999999067e+02 -4.046796500000000000e+06 2.809006500000000000e+06
7.285330873999999994e+02 -3.997897750000000000e+06 2.766538750000000000e+06
7.294629318000000922e+02 -1.438449000000000000e+06 2.700606500000000000e+06
7.303927761999999575e+02 -3.362764687500000000e+05 2.675939500000000000e+06
7.313226206000000502e+02 8.990512500000000000e+05 2.685453250000000000e+06
7.322524649999999156e+02 1.742834000000000000e+06 2.622679250000000000e+06
7.331823094000000083e+02 3.614277750000000000e+06 2.682516250000000000e+06
7.341121538000001010e+02 3.171373250000000000e+06 2.659840000000000000e+06
7.350419981999999663e+02 4.012547500000000000e+06 2.660331000000000000e+06
7.359718426000000591e+02 4.167095250000000000e+06 2.648486250000000000e+06
7.369016869999999244e+02 3.083493000000000000e+06 2.657745250000000000e+06
7.378315314000000171e+02 3.036975250000000000e+06 2.634603750000000000e+06
7.387613758000001098e+02 3.003699250000000000e+06 2.648081250000000000e+06
7.396912201999999752e+02 1.950908375000000000e+06 2.660173500000000000e+06
7.406210646000000679e+02 1.474912500000000000e+06 2.650826250000000000e+06
7.415509090000000469e+02 1.193375625000000000e+06 2.691494000000000000e+06
7.424807534000000260e+02 1.177045750000000000e+06 2.700984250000000000e+06
7.434105978000001187e+02 1.189921250000000000e+06 2.691438000000000000e+06
7.443404421999998704e+02 1.590863000000000000e+06 2.705947250000000000e+06
7.452702866000000768e+02 2.267958250000000000e+06 2.712754500000000000e+06
7.462001309999999421e+02 1.742043250000000000e+06 2.686388250000000000e+06
7.471299753999999211e+02 1.562079000000000000e+06 2.727851500000000000e+06
7.480598198000001275e+02 2.197779000000000000e+06 2.729913500000000000e+06
7.489896641999998792e+02 4.704382812500000000e+05 2.751275750000000000e+06
7.499195085999999719e+02 9.876546875000000000e+04 2.748627250000000000e+06
7.508493530000001783e+02 -5.412170625000000000e+05 2.792662500000000000e+06
7.517791973999999300e+02 -1.140838125000000000e+06 2.780819750000000000e+06
7.527090418000000227e+02 -1.444118750000000000e+06 2.707307250000000000e+06
7.536388861999998880e+02 -1.852514875000000000e+06 2.738258250000000000e+06
7.545687305999999808e+02 -2.163989500000000000e+06 2.675239500000000000e+06
7.554985750000000735e+02 -1.124753625000000000e+06 2.698032250000000000e+06
7.564284193999999388e+02 -1.250137125000000000e+06 2.691045750000000000e+06
7.573582638000000316e+02 -2.891857812500000000e+05 2.760252500000000000e+06
7.582881081999998969e+02 4.494786562500000000e+05 2.790995000000000000e+06
7.592179525999999896e+02 5.825056875000000000e+05 2.849932000000000000e+06
7.601477970000000823e+02 1.830834500000000000e+06 2.856651000000000000e+06
7.610776413999999477e+02 2.798256750000000000e+06 2.870930750000000000e+06
7.620074858000000404e+02 2.473781250000000000e+06 2.866529500000000000e+06
7.629373302000000194e+02 3.541348000000000000e+06 2.840912750000000000e+06
7.638671745999999985e+02 4.157405500000000000e+06 2.825276500000000000e+06
7.647970190000000912e+02 3.904124500000000000e+06 2.835453500000000000e+06
7.657268633999999565e+02 3.526513250000000000e+06 2.775632000000000000e+06
7.666567078000000492e+02 3.721269750000000000e+06 2.733789750000000000e+06
7.675865522000000283e+02 2.224882750000000000e+06 2.728166000000000000e+06
7.685163966000000073e+02 1.429449250000000000e+06 2.646789000000000000e+06
7.694462410000001000e+02 1.618921375000000000e+06 2.611785250000000000e+06
7.703760853999998517e+02 1.001090546875000000e+05 2.618752000000000000e+06
7.713059298000000581e+02 -5.944907500000000000e+05 2.649273500000000000e+06
7.722357742000001508e+02 -2.576760000000000000e+05 2.644625250000000000e+06
7.731656185999999025e+02 -1.060412750000000000e+06 2.715666750000000000e+06
7.740954630000001089e+02 -6.848283750000000000e+05 2.720582750000000000e+06
7.750253073999998605e+02 -3.689474375000000000e+05 2.699659750000000000e+06
7.759551517999999533e+02 -8.792023750000000000e+05 2.709859250000000000e+06
7.768849962000001597e+02 5.163146250000000000e+05 2.631202500000000000e+06
7.778148405999999113e+02 1.389667250000000000e+06 2.573158750000000000e+06
7.787446850000000040e+02 1.759056718750000000e+05 2.582331750000000000e+06
7.796745293999999831e+02 1.868758875000000000e+06 2.549197500000000000e+06
7.806043737999999621e+02 1.133528875000000000e+06 2.527083750000000000e+06
7.815342182000000548e+02 9.436638125000000000e+05 2.530527500000000000e+06
7.824640625999999202e+02 6.617471250000000000e+05 2.568022500000000000e+06
7.833939070000000129e+02 3.743740937500000000e+05 2.535278500000000000e+06
7.843237513999999919e+02 -5.330805000000000000e+05 2.524963000000000000e+06
7.852535957999999710e+02 -1.129593125000000000e+06 2.553934250000000000e+06
7.861834402000000637e+02 -1.889810375000000000e+06 2.515176500000000000e+06
7.871132845999999290e+02 -1.689418000000000000e+06 2.520257000000000000e+06
7.880431290000000217e+02 -1.701644500000000000e+06 2.511005750000000000e+06
7.889729734000001145e+02 -2.236355500000000000e+06 2.540215750000000000e+06
7.899028177999999798e+02 -2.441839500000000000e+06 2.528971250000000000e+06
7.908326622000000725e+02 -2.032687125000000000e+06 2.578101000000000000e+06
7.917625065999999379e+02 -2.419102250000000000e+06 2.585813750000000000e+06
7.926923510000000306e+02 -3.752767500000000000e+06 2.594652750000000000e+06
7.936221954000001233e+02 -3.380451500000000000e+06 2.612453000000000000e+06
7.945520397999999886e+02 -3.889242500000000000e+06 2.625099000000000000e+06
7.954818842000000814e+02 -5.525153500000000000e+06 2.647061500000000000e+06
7.964117285999998330e+02 -3.942369750000000000e+06 2.622074000000000000e+06
7.973415730000000394e+02 -5.325166000000000000e+06 2.625613750000000000e+06
7.982714174000001321e+02 -5.361166500000000000e+06 2.649025500000000000e+06
7.992012617999998838e+02 -3.442695750000000000e+06 2.594965500000000000e+06
8.001311062000000902e+02 -2.861820250000000000e+06 2.581902000000000000e+06
8.010609505999999556e+02 -2.442433750000000000e+06 2.606648000000000000e+06
8.019907949999999346e+02 -6.789125625000000000e+05 2.565745250000000000e+06
8.029206394000001410e+02 -1.101717250000000000e+06 2.563983250000000000e+06
8.038504837999998927e+02 2.362405312500000000e+05 2.551149000000000000e+06
8.047803281999999854e+02 -2.394244062500000000e+05 2.517320000000000000e+06
8.057101725999999644e+02 1.192033300781250000e+04 2.533209750000000000e+06
8.066400169999999434e+02 6.750828750000000000e+05 2.512565750000000000e+06
8.075698614000000362e+02 -4.379903750000000000e+05 2.536675500000000000e+06
8.084997057999999015e+02 -3.306747812500000000e+05 2.593779750000000000e+06
8.094295501999999942e+02 9.420356875000000000e+05 2.604477750000000000e+06
8.103593946000000869e+02 2.920124687500000000e+05 2.609946500000000000e+06
8.112892389999999523e+02 1.161604453125000000e+05 2.691062500000000000e+06
8.122190834000000450e+02 3.845391250000000000e+05 2.687731750000000000e+06
8.131489277999999103e+02 -4.571300000000000000e+05 2.655199500000000000e+06
8.140787722000000031e+02 -1.265103000000000000e+06 2.705304250000000000e+06
8.150086166000000958e+02 -2.222052750000000000e+06 2.696632750000000000e+06
8.159384609999999611e+02 -2.327158000000000000e+06 2.634285000000000000e+06
8.168683054000000539e+02 -3.547327750000000000e+06 2.700460000000000000e+06
8.177981497999999192e+02 -4.217559500000000000e+06 2.711413000000000000e+06
8.187279942000000119e+02 -3.505926500000000000e+06 2.693428500000000000e+06
8.196578386000001046e+02 -4.624885000000000000e+06 2.739785750000000000e+06
8.205876829999999700e+02 -4.261243000000000000e+06 2.737490250000000000e+06
8.215175274000000627e+02 -2.119378750000000000e+06 2.713362250000000000e+06
8.224473718000000417e+02 -3.073940500000000000e+06 2.734196750000000000e+06
8.233772162000000208e+02 -2.472669750000000000e+06 2.711496500000000000e+06
8.243070606000001135e+02 -4.733783984375000000e+04 2.679056500000000000e+06
8.252369049999998651e+02 -1.277333000000000000e+06 2.722934000000000000e+06
8.261667494000000715e+02 -9.890515625000000000e+05 2.716191250000000000e+06
8.270965938000000506e+02 5.055728750000000000e+05 2.707276000000000000e+06
8.280264381999999159e+02 -1.048179312500000000e+06 2.738780250000000000e+06
8.289562826000001223e+02 -2.412714062500000000e+05 2.779967500000000000e+06
8.298861269999998740e+02 -1.934623437500000000e+05 2.755712000000000000e+06
8.308159713999999667e+02 -1.563581625000000000e+06 2.720964250000000000e+06
8.317458158000001731e+02 -1.925799500000000000e+06 2.683734000000000000e+06
8.326756601999999248e+02 -1.256319750000000000e+06 2.649010000000000000e+06
8.336055046000000175e+02 -2.813202500000000000e+06 2.631434250000000000e+06
8.345353489999998828e+02 -2.970546000000000000e+06 2.617415250000000000e+06
8.354651933999999756e+02 -2.545829000000000000e+06 2.665979000000000000e+06
8.363950378000000683e+02 -4.238178500000000000e+06 2.697375750000000000e+06
8.373248821999999336e+02 -4.272127000000000000e+06 2.724192000000000000e+06
8.382547266000000263e+02 -4.150005500000000000e+06 2.771609000000000000e+06
8.391845710000000054e+02 -4.676184500000000000e+06 2.753662500000000000e+06
8.401144153999999844e+02 -4.416917500000000000e+06 2.726295250000000000e+06
8.410442598000000771e+02 -4.140418750000000000e+06 2.703426250000000000e+06
8.419741041999999425e+02 -4.730808500000000000e+06 2.680856000000000000e+06
8.429039486000000352e+02 -3.690137000000000000e+06 2.639588750000000000e+06
8.438337930000000142e+02 -2.272804250000000000e+06 2.643147000000000000e+06
8.447636373999999932e+02 -1.621984750000000000e+06 2.625641250000000000e+06
8.456934818000000860e+02 -6.647299375000000000e+05 2.620824250000000000e+06
8.466233261999999513e+02 7.876069375000000000e+05 2.611752000000000000e+06
8.475531706000000440e+02 9.342446250000000000e+05 2.587952750000000000e+06
8.484830150000001368e+02 2.426338750000000000e+06 2.562406250000000000e+06
8.494128594000000021e+02 3.818536500000000000e+06 2.588754750000000000e+06
8.503427038000000948e+02 2.981150750000000000e+06 2.568021000000000000e+06
8.512725481999998465e+02 4.204304500000000000e+06 2.573348750000000000e+06
8.522023926000000529e+02 5.346759500000000000e+06 2.574430000000000000e+06
8.531322370000001456e+02 4.711100500000000000e+06 2.548272250000000000e+06
8.540620813999998973e+02 5.751256000000000000e+06 2.528117250000000000e+06
8.549919258000001037e+02 5.622060000000000000e+06 2.539275250000000000e+06
8.559217701999998553e+02 5.656605500000000000e+06 2.493373750000000000e+06
8.568516145999999480e+02 5.000874000000000000e+06 2.476610750000000000e+06
8.577814590000001544e+02 4.578743000000000000e+06 2.477450250000000000e+06
8.587113033999999061e+02 5.314037000000000000e+06 2.460534250000000000e+06
8.596411477999999988e+02 4.330059000000000000e+06 2.449841500000000000e+06
8.605709921999999779e+02 3.871706250000000000e+06 2.455109250000000000e+06
8.615008365999999569e+02 4.185005000000000000e+06 2.457006000000000000e+06
8.624306810000000496e+02 4.128974750000000000e+06 2.462610250000000000e+06
8.633605253999999150e+02 3.811448500000000000e+06 2.468288500000000000e+06
8.642903698000000077e+02 3.735646500000000000e+06 2.501390500000000000e+06
8.652202141999999867e+02 4.127504250000000000e+06 2.495105000000000000e+06
8.661500585999999657e+02 3.532761500000000000e+06 2.534524500000000000e+06
8.670799030000000585e+02 3.194041750000000000e+06 2.520121500000000000e+06
8.680097473999999238e+02 3.450875000000000000e+06 2.523497250000000000e+06
8.689395918000000165e+02 2.944493750000000000e+06 2.521041500000000000e+06
8.698694362000001092e+02 2.688936750000000000e+06 2.492640000000000000e+06
8.707992805999999746e+02 2.472659000000000000e+06 2.532993500000000000e+06
8.717291250000000673e+02 2.459335500000000000e+06 2.495660500000000000e+06
8.726589693999999326e+02 3.462848000000000000e+06 2.448683750000000000e+06
8.735888138000000254e+02 3.075061500000000000e+06 2.467265500000000000e+06
8.745186582000001181e+02 2.872746500000000000e+06 2.444094250000000000e+06
8.754485025999999834e+02 5.025010000000000000e+06 2.437647000000000000e+06
8.763783470000000762e+02 4.506842000000000000e+06 2.469886000000000000e+06
8.773081913999998278e+02 4.456514500000000000e+06 2.528244250000000000e+06
8.782380358000000342e+02 5.711226000000000000e+06 2.540024750000000000e+06
8.791678802000001269e+02 5.680602000000000000e+06 2.534973000000000000e+06
8.800977245999998786e+02 5.223853500000000000e+06 2.567298000000000000e+06
8.810275690000000850e+02 5.131459000000000000e+06 2.539623500000000000e+06
8.819574134000000640e+02 4.610298500000000000e+06 2.539237000000000000e+06
8.828872577999999294e+02 4.826828000000000000e+06 2.522583500000000000e+06
8.838171022000001358e+02 3.091924000000000000e+06 2.537495500000000000e+06
8.847469465999998874e+02 3.176020500000000000e+06 2.556890250000000000e+06
8.856767909999999802e+02 2.735673500000000000e+06 2.528079750000000000e+06
8.866066353999999592e+02 1.470381125000000000e+06 2.560506750000000000e+06
8.875364797999999382e+02 1.703262875000000000e+06 2.560860500000000000e+06
8.884663242000000309e+02 1.182851375000000000e+06 2.496451000000000000e+06
8.893961685999998963e+02 1.818717187500000000e+05 2.505435500000000000e+06
8.903260129999999890e+02 6.170878125000000000e+05 2.498378000000000000e+06
8.912558574000000817e+02 3.529115000000000000e+05 2.485621000000000000e+06
8.921857017999999471e+02 1.442358437500000000e+05 2.529569750000000000e+06
8.931155462000000398e+02 1.122736250000000000e+06 2.511124250000000000e+06
8.940453905999999051e+02 -5.985333203125000000e+04 2.515295500000000000e+06
8.949752349999999979e+02 8.352050625000000000e+05 2.553717000000000000e+06
8.959050794000000906e+02 9.516252500000000000e+05 2.535433750000000000e+06
8.968349237999999559e+02 6.571482500000000000e+05 2.527834250000000000e+06
8.977647682000000486e+02 1.002867062500000000e+06 2.544653750000000000e+06
8.986946126000000277e+02 7.296863125000000000e+05 2.531182250000000000e+06
8.996244570000000067e+02 1.369259750000000000e+06 2.523862750000000000e+06
9.005543014000000994e+02 2.230455750000000000e+06 2.553871000000000000e+06
9.014841457999999648e+02 1.505214250000000000e+06 2.556453250000000000e+06
9.024139902000000575e+02 2.174708000000000000e+06 2.549032000000000000e+06
9.033438346000000365e+02 2.417701500000000000e+06 2.556715750000000000e+06
9.042736790000000155e+02 2.129312250000000000e+06 2.524758250000000000e+06
9.052035234000001083e+02 2.481374250000000000e+06 2.498776500000000000e+06
9.061333677999998599e+02 2.949592500000000000e+06 2.488139250000000000e+06
9.070632122000000663e+02 1.922566125000000000e+06 2.451001250000000000e+06
9.079930566000001591e+02 2.517012500000000000e+06 2.471393250000000000e+06
9.089229009999999107e+02 2.952876250000000000e+06 2.474001750000000000e+06
9.098527454000001171e+02 1.870515750000000000e+06 2.469827750000000000e+06
9.107825897999998688e+02 2.623234500000000000e+06 2.524089750000000000e+06
9.117124341999999615e+02 2.744670750000000000e+06 2.553579750000000000e+06
9.126422786000001679e+02 2.401208000000000000e+06 2.532432250000000000e+06
9.135721229999999196e+02 2.494228750000000000e+06 2.545305750000000000e+06
9.145019674000000123e+02 2.901446750000000000e+06 2.563559000000000000e+06
9.154318117999998776e+02 1.701736375000000000e+06 2.524500250000000000e+06
9.163616561999999703e+02 1.885791125000000000e+06 2.553388000000000000e+06
9.172915006000000631e+02 1.878184500000000000e+06 2.548179500000000000e+06
9.182213449999999284e+02 1.166784500000000000e+06 2.508690000000000000e+06
9.191511894000000211e+02 1.378318000000000000e+06 2.543642500000000000e+06
9.200810338000000002e+02 1.584093625000000000e+06 2.515533000000000000e+06
9.210108781999999792e+02 1.425252750000000000e+06 2.521733500000000000e+06
9.219407226000000719e+02 1.349103875000000000e+06 2.554013250000000000e+06
9.228705669999999373e+02 1.663900875000000000e+06 2.542525750000000000e+06
9.238004114000000300e+02 1.254938625000000000e+06 2.582516000000000000e+06
9.247302558000000090e+02 9.958010625000000000e+05 2.562996500000000000e+06
9.256601001999999880e+02 1.101363875000000000e+06 2.537852750000000000e+06
9.265899446000000808e+02 -8.789565625000000000e+04 2.549766750000000000e+06
9.275197889999999461e+02 -5.587615625000000000e+05 2.493998250000000000e+06
9.284496334000000388e+02 -3.793318125000000000e+05 2.481554250000000000e+06
9.293794778000001315e+02 -2.343047250000000000e+06 2.519371250000000000e+06
9.303093221999999969e+02 -1.747669250000000000e+06 2.459146750000000000e+06
9.312391666000000896e+02 -1.963049000000000000e+06 2.532259750000000000e+06
9.321690109999998413e+02 -3.148987000000000000e+06 2.533965000000000000e+06
9.330988554000000477e+02 -3.506938750000000000e+06 2.513509000000000000e+06
9.340286998000001404e+02 -2.925457250000000000e+06 2.578234500000000000e+06
9.349585441999998920e+02 -3.875584750000000000e+06 2.553117750000000000e+06
9.358883886000000984e+02 -4.071148500000000000e+06 2.514282000000000000e+06
9.368182329999998501e+02 -3.294307000000000000e+06 2.544877250000000000e+06
9.377480773999999428e+02 -4.859073000000000000e+06 2.500867250000000000e+06
9.386779218000001492e+02 -4.706609500000000000e+06 2.476533750000000000e+06
9.396077661999999009e+02 -5.111605000000000000e+06 2.509622250000000000e+06
9.405376105999999936e+02 -5.322010500000000000e+06 2.447348500000000000e+06
9.414674549999999726e+02 -6.320968000000000000e+06 2.445439500000000000e+06
9.423972993999999517e+02 -7.025881500000000000e+06 2.483625000000000000e+06
9.433271438000000444e+02 -6.729847000000000000e+06 2.422162750000000000e+06
9.442569881999999097e+02 -7.141596000000000000e+06 2.450667500000000000e+06
9.451868326000000025e+02 -7.789660000000000000e+06 2.472601250000000000e+06
9.461166769999999815e+02 -7.320957500000000000e+06 2.483606250000000000e+06
9.470465213999999605e+02 -7.113680500000000000e+06 2.494335500000000000e+06
9.479763658000000532e+02 -8.186453500000000000e+06 2.499690750000000000e+06
9.489062101999999186e+02 -7.093296500000000000e+06 2.490064500000000000e+06
9.498360546000000113e+02 -6.769106500000000000e+06 2.481011000000000000e+06
9.507658990000001040e+02 -7.749152000000000000e+06 2.450832000000000000e+06
9.516957433999999694e+02 -5.628356500000000000e+06 2.427795000000000000e+06
9.526255878000000621e+02 -6.352087000000000000e+06 2.428281250000000000e+06
9.535554321999999274e+02 -5.863598000000000000e+06 2.414112250000000000e+06
9.544852766000000202e+02 -4.643245000000000000e+06 2.393149750000000000e+06
9.554151210000001129e+02 -3.644897250000000000e+06 2.407817000000000000e+06
9.563449653999999782e+02 -3.120362500000000000e+06 2.395396750000000000e+06
9.572748098000000709e+02 -1.748222625000000000e+06 2.390564250000000000e+06
9.582046542000000500e+02 -1.705299000000000000e+06 2.406567500000000000e+06
9.591344986000000290e+02 -6.443064375000000000e+05 2.397057500000000000e+06
9.600643430000001217e+02 4.079058593750000000e+03 2.441961000000000000e+06
9.609941873999998734e+02 6.768480468750000000e+04 2.451075250000000000e+06
9.619240318000000798e+02 -5.655126250000000000e+05 2.447343750000000000e+06
9.628538762000000588e+02 -3.720836718750000000e+04 2.457416250000000000e+06
9.637837205999999242e+02 -1.894774843750000000e+05 2.483929500000000000e+06
9.647135650000001306e+02 -1.359878250000000000e+06 2.433985750000000000e+06
9.656434093999998822e+02 -1.090263750000000000e+06 2.468731500000000000e+06
9.665732537999999749e+02 -2.186217750000000000e+06 2.472847250000000000e+06
9.675030982000001814e+02 -2.285928750000000000e+06 2.451093000000000000e+06
9.684329425999999330e+02 -2.693434250000000000e+06 2.481307500000000000e+06
9.693627870000000257e+02 -3.001083750000000000e+06 2.499006750000000000e+06
9.702926313999998911e+02 -2.502131000000000000e+06 2.445230500000000000e+06
9.712224757999999838e+02 -2.529736500000000000e+06 2.465459500000000000e+06
9.721523202000000765e+02 -2.769498500000000000e+06 2.456004250000000000e+06
9.730821645999999419e+02 -7.811140625000000000e+05 2.397713000000000000e+06
9.740120090000000346e+02 -9.434705000000000000e+05 2.425086250000000000e+06
9.749418533999998999e+02 3.207588867187500000e+04 2.395943500000000000e+06
9.758716977999999926e+02 2.345412031250000000e+05 2.376322250000000000e+06
9.768015422000000854e+02 4.500780625000000000e+05 2.376200750000000000e+06
9.777313865999999507e+02 7.229443125000000000e+05 2.341154000000000000e+06
9.786612310000000434e+02 9.844180625000000000e+05 2.309794000000000000e+06
9.795910754000000225e+02 7.829108750000000000e+05 2.328056500000000000e+06
9.805209198000000015e+02 1.192937750000000000e+06 2.290657750000000000e+06
9.814507642000000942e+02 1.717679875000000000e+06 2.296859250000000000e+06
9.823806085999999596e+02 9.195491250000000000e+05 2.328251750000000000e+06
9.833104530000000523e+02 1.683343500000000000e+06 2.306243250000000000e+06
9.842402974000000313e+02 2.744192500000000000e+06 2.331809000000000000e+06
9.851701418000000103e+02 2.093475000000000000e+06 2.378841750000000000e+06
9.860999862000001031e+02 2.383294500000000000e+06 2.349717250000000000e+06
9.870298305999998547e+02 2.875482000000000000e+06 2.386374250000000000e+06
9.879596750000000611e+02 2.216970750000000000e+06 2.382345250000000000e+06
9.888895194000001538e+02 1.900776125000000000e+06 2.410459000000000000e+06
9.898193637999999055e+02 2.070980250000000000e+06 2.387227250000000000e+06
9.907492082000001119e+02 1.884887875000000000e+06 2.394134000000000000e+06
9.916790525999998636e+02 1.260972625000000000e+06 2.393465250000000000e+06
9.926088969999999563e+02 2.244015250000000000e+06 2.378602000000000000e+06
9.935387414000001627e+02 2.107752250000000000e+06 2.400338000000000000e+06
9.944685857999999143e+02 2.184985250000000000e+06 2.436092500000000000e+06
9.953984302000000071e+02 2.854257750000000000e+06 2.420123250000000000e+06
9.963282745999998724e+02 3.283400750000000000e+06 2.469923750000000000e+06
9.972581189999999651e+02 2.985760500000000000e+06 2.459983000000000000e+06
9.981879634000000578e+02 3.610686500000000000e+06 2.432127500000000000e+06
9.991178077999999232e+02 2.932682750000000000e+06 2.425423500000000000e+06
1.000047652200000016e+03 2.546977750000000000e+06 2.399153250000000000e+06
1.000977496599999995e+03 2.291147250000000000e+06 2.365157500000000000e+06
1.001907340999999974e+03 1.925802500000000000e+06 2.353982000000000000e+06
1.002837185400000067e+03 1.283839000000000000e+06 2.329141750000000000e+06
1.003767029799999932e+03 1.485198125000000000e+06 2.360201750000000000e+06
1.004696874200000025e+03 1.362748250000000000e+06 2.339553000000000000e+06
1.005626718600000004e+03 1.034333187500000000e+06 2.375452750000000000e+06
1.006556562999999983e+03 1.769374500000000000e+06 2.410200750000000000e+06
1.007486407400000076e+03 1.265729250000000000e+06 2.427421000000000000e+06
1.008416251799999941e+03 5.979818125000000000e+05 2.426289500000000000e+06
1.009346096200000034e+03 1.241788500000000000e+06 2.431917250000000000e+06
1.010275940600000126e+03 1.449832500000000000e+05 2.455746250000000000e+06
1.011205784999999992e+03 -1.811262187500000000e+05 2.403879750000000000e+06
1.012135629400000084e+03 -2.392926250000000000e+05 2.412383500000000000e+06
1.013065473799999836e+03 -1.166183750000000000e+06 2.397739250000000000e+06
1.013995318200000042e+03 -1.220297125000000000e+06 2.362659750000000000e+06
1.014925162600000135e+03 -9.684436250000000000e+05 2.374542250000000000e+06
1.015855006999999887e+03 -8.075410000000000000e+05 2.357133000000000000e+06
1.016784851400000093e+03 -8.358995625000000000e+05 2.319812750000000000e+06
1.017714695800000072e+03 5.869369375000000000e+05 2.311566500000000000e+06
1.018644540199999938e+03 3.943689375000000000e+05 2.279348000000000000e+06
1.019574384600000144e+03 1.349641625000000000e+06 2.276103000000000000e+06
1.020504228999999896e+03 2.444813250000000000e+06 2.253615000000000000e+06
1.021434073399999988e+03 2.259783250000000000e+06 2.254770000000000000e+06
1.022363917799999967e+03 2.212721500000000000e+06 2.273214000000000000e+06
1.023293762199999946e+03 2.373956500000000000e+06 2.259317500000000000e+06
1.024223606600000039e+03 1.837469125000000000e+06 2.278480250000000000e+06
1.025153450999999905e+03 1.373178500000000000e+06 2.297721250000000000e+06
1.026083295399999997e+03 1.114095750000000000e+06 2.313821750000000000e+06
1.027013139800000090e+03 -3.008246875000000000e+05 2.334094500000000000e+06
1.027942984199999955e+03 1.525649062500000000e+05 2.341191250000000000e+06
1.028872828600000048e+03 -1.807159375000000000e+05 2.319913000000000000e+06
1.029802672999999913e+03 -8.943838750000000000e+05 2.305938750000000000e+06
1.030732517400000006e+03 3.191940625000000000e+04 2.288954250000000000e+06
1.031662361800000099e+03 -7.767601250000000000e+05 2.255837250000000000e+06
1.032592206199999964e+03 -6.155251250000000000e+05 2.233733500000000000e+06
1.033522050600000057e+03 6.484795000000000000e+05 2.234346000000000000e+06
1.034451894999999922e+03 -1.514228320312500000e+04 2.231219250000000000e+06
1.035381739400000015e+03 4.487852500000000000e+05 2.262454250000000000e+06
1.036311583800000108e+03 8.484318750000000000e+05 2.310058000000000000e+06
1.037241428199999973e+03 9.863813281250000000e+04 2.290706750000000000e+06
1.038171272600000066e+03 4.097691875000000000e+05 2.297638000000000000e+06
1.039101116999999931e+03 1.121572000000000000e+06 2.341663250000000000e+06
1.040030961400000024e+03 -1.217683906250000000e+05 2.306292250000000000e+06
1.040960805800000117e+03 -4.162213125000000000e+05 2.283930000000000000e+06
1.041890650199999982e+03 5.686567500000000000e+05 2.313407000000000000e+06
1.042820494600000075e+03 8.804338281250000000e+04 2.318109000000000000e+06
1.043750338999999940e+03 -2.342748437500000000e+05 2.314728500000000000e+06
1.044680183400000033e+03 3.203796250000000000e+05 2.370931250000000000e+06
1.045610027800000125e+03 -3.755674375000000000e+05 2.388649500000000000e+06
1.046539872199999991e+03 6.065960625000000000e+05 2.407692000000000000e+06
1.047469716600000083e+03 6.160100625000000000e+05 2.431798250000000000e+06
1.048399561000000176e+03 1.079442500000000000e+06 2.456805750000000000e+06
1.049329405400000041e+03 1.943293500000000000e+06 2.458045500000000000e+06
1.050259249800000134e+03 1.747667625000000000e+06 2.423341250000000000e+06
1.051189094200000000e+03 1.839709625000000000e+06 2.405372000000000000e+06
1.052118938600000092e+03 2.915690250000000000e+06 2.385175750000000000e+06
1.053048783000000185e+03 1.844010625000000000e+06 2.322459000000000000e+06
1.053978627400000050e+03 1.188930250000000000e+06 2.273459750000000000e+06
1.054908471800000143e+03 1.647324750000000000e+06 2.213973000000000000e+06
1.055838316199999781e+03 3.484089062500000000e+05 2.234651250000000000e+06
1.056768160600000101e+03 1.006320234375000000e+05 2.227916500000000000e+06
1.057698005000000194e+03 4.758408750000000000e+05 2.191793750000000000e+06
1.058627849399999832e+03 -2.769977500000000000e+05 2.260333750000000000e+06
1.059557693800000152e+03 -1.376210625000000000e+05 2.267568500000000000e+06
1.060487538200000017e+03 3.992687500000000000e+05 2.249511750000000000e+06
1.061417382599999883e+03 4.034603750000000000e+05 2.273215500000000000e+06
1.062347226999999975e+03 5.742332500000000000e+05 2.295956250000000000e+06
1.063277071399999841e+03 4.867863125000000000e+05 2.308927250000000000e+06
1.064206915799999933e+03 7.713914375000000000e+05 2.363378750000000000e+06
1.065136760200000026e+03 8.655437500000000000e+05 2.358899250000000000e+06
1.066066604599999891e+03 5.881573750000000000e+05 2.380658500000000000e+06
1.066996448999999984e+03 8.005204375000000000e+05 2.400760750000000000e+06
1.067926293399999849e+03 7.327470000000000000e+05 2.421017750000000000e+06
1.068856137799999942e+03 9.476458750000000000e+05 2.395612750000000000e+06
1.069785982200000035e+03 4.562050000000000000e+05 2.389299000000000000e+06
1.070715826599999900e+03 6.838877500000000000e+05 2.379225750000000000e+06
1.071645670999999993e+03 2.585854218750000000e+05 2.357138250000000000e+06
1.072575515399999858e+03 -2.388633906250000000e+05 2.328560500000000000e+06
1.073505359799999951e+03 2.751670000000000000e+05 2.311707500000000000e+06
1.074435204200000044e+03 -3.961282500000000000e+05 2.305274750000000000e+06
1.075365048599999909e+03 -1.923018250000000000e+06 2.284452250000000000e+06
1.076294893000000002e+03 -2.006961250000000000e+06 2.293678500000000000e+06
1.077224737400000095e+03 -2.534715000000000000e+06 2.256856000000000000e+06
1.078154581799999960e+03 -4.590432000000000000e+06 2.274025250000000000e+06
1.079084426200000053e+03 -4.537354500000000000e+06 2.245075250000000000e+06
1.080014270599999918e+03 -4.592321500000000000e+06 2.211474000000000000e+06
1.080944115000000011e+03 -5.774500500000000000e+06 2.230230500000000000e+06
1.081873959400000103e+03 -5.334397500000000000e+06 2.217127500000000000e+06
1.082803803799999969e+03 -5.060429000000000000e+06 2.212976750000000000e+06
1.083733648200000061e+03 -5.653707500000000000e+06 2.247871000000000000e+06
1.084663492599999927e+03 -5.339738000000000000e+06 2.245652500000000000e+06
1.085593337000000020e+03 -4.941731000000000000e+06 2.242466000000000000e+06
1.086523181400000112e+03 -5.371584000000000000e+06 2.240833250000000000e+06
1.087453025799999978e+03 -4.605274500000000000e+06 2.245176000000000000e+06
1.088382870200000070e+03 -4.294554500000000000e+06 2.224134000000000000e+06
1.089312714599999936e+03 -4.279339500000000000e+06 2.208775000000000000e+06
1.090242559000000028e+03 -3.448327500000000000e+06 2.254783750000000000e+06
1.091172403400000121e+03 -2.734011250000000000e+06 2.239457250000000000e+06
1.092102247799999986e+03 -2.184648250000000000e+06 2.251783750000000000e+06
1.093032092200000079e+03 -2.066783750000000000e+06 2.282078000000000000e+06
1.093961936599999945e+03 -9.050260625000000000e+05 2.294736000000000000e+06
1.094891781000000037e+03 -5.982185625000000000e+05 2.276680500000000000e+06
1.095821625400000130e+03 -7.610676250000000000e+05 2.301137500000000000e+06
1.096751469799999995e+03 -7.346931250000000000e+05 2.282557500000000000e+06
1.097681314200000088e+03 7.984106250000000000e+04 2.274801750000000000e+06
1.098611158599999953e+03 -6.828995000000000000e+05 2.280469250000000000e+06
1.099541003000000046e+03 -1.088018125000000000e+06 2.307643500000000000e+06
1.100470847400000139e+03 -3.515812812500000000e+05 2.331270000000000000e+06
1.101400691800000004e+03 -8.744785625000000000e+05 2.353393500000000000e+06
1.102330536200000097e+03 -1.004706000000000000e+06 2.358505750000000000e+06
1.103260380599999962e+03 3.161316562500000000e+05 2.378726500000000000e+06
1.104190225000000055e+03 -2.695206875000000000e+05 2.353579500000000000e+06
1.105120069400000148e+03 -2.229704062500000000e+05 2.307210750000000000e+06
1.106049913800000013e+03 9.094736250000000000e+05 2.277945750000000000e+06
1.106979758200000106e+03 3.342185000000000000e+05 2.242722750000000000e+06
1.107909602600000198e+03 4.542135937500000000e+05 2.240668250000000000e+06
1.108839447000000064e+03 5.763786875000000000e+05 2.222224500000000000e+06
1.109769291400000157e+03 3.661463750000000000e+05 2.250744250000000000e+06
1.110699135799999794e+03 -2.280819062500000000e+05 2.254117000000000000e+06
1.111628980200000115e+03 6.474143750000000000e+05 2.235915250000000000e+06
1.112558824600000207e+03 1.887027968750000000e+05 2.221190000000000000e+06
1.113488668999999845e+03 1.391198906250000000e+05 2.234729750000000000e+06
1.114418513400000165e+03 7.839004375000000000e+05 2.202788250000000000e+06
